OpenMP-parallel with 3 threads

Heat Conduction 2d

dx =        0.005, dy =        0.005, dt =     6.25e-06, eps =        1e-08

start values
i  \  k=       0      22      44      67      89     111     133     156     178     200
-------+--------------------------------------------------------------------------------
     0 |       0    0.11    0.22   0.335   0.445   0.555   0.665    0.78    0.89       1
    22 |       0       0       0       0       0       0       0       0       0       1
    44 |       0       0       0       0       0       0       0       0       0       1
    67 |       0       0       0       0       0       0       0       0       0       1
    89 |       0       0       0       0       0       0       0       0       0       1
   111 |       0       0       0       0       0       0       0       0       0       1
   133 |       0       0       0       0       0       0       0       0       0       1
   156 |       0       0       0       0       0       0       0       0       0       1
   178 |       0       0       0       0       0       0       0       0       0       1
   200 |       0    0.11    0.22   0.335   0.445   0.555   0.665    0.78    0.89       1

phi after 74654 iterations
i  \  k=       0      22      44      67      89     111     133     156     178     200
-------+--------------------------------------------------------------------------------
     0 |       0    0.11    0.22   0.335   0.445   0.555   0.665    0.78    0.89       1
    22 |       0    0.11    0.22   0.335   0.445   0.555   0.665    0.78    0.89       1
    44 |       0    0.11    0.22   0.335  0.4449  0.5549   0.665    0.78    0.89       1
    67 |       0    0.11    0.22  0.3349  0.4449  0.5549  0.6649    0.78    0.89       1
    89 |       0    0.11  0.2199  0.3349  0.4449  0.5549  0.6649  0.7799    0.89       1
   111 |       0    0.11  0.2199  0.3349  0.4449  0.5549  0.6649  0.7799    0.89       1
   133 |       0    0.11    0.22  0.3349  0.4449  0.5549  0.6649    0.78    0.89       1
   156 |       0    0.11    0.22   0.335  0.4449  0.5549   0.665    0.78    0.89       1
   178 |       0    0.11    0.22   0.335   0.445   0.555   0.665    0.78    0.89       1
   200 |       0    0.11    0.22   0.335   0.445   0.555   0.665    0.78    0.89       1
CPU time (clock)                =     0.005499 sec
wall clock time (omp_get_wtime) =          5.5 sec
wall clock time (gettimeofday)  =        5.499 sec
OpenMP-parallel with 3 threads

Heat Conduction 2d

dx =        0.005, dy =        0.005, dt =     6.25e-06, eps =        1e-08

start values
i  \  k=       0      22      44      67      89     111     133     156     178     200
-------+--------------------------------------------------------------------------------
     0 |       0    0.11    0.22   0.335   0.445   0.555   0.665    0.78    0.89       1
    22 |       0       0       0       0       0       0       0       0       0       1
    44 |       0       0       0       0       0       0       0       0       0       1
    67 |       0       0       0       0       0       0       0       0       0       1
    89 |       0       0       0       0       0       0       0       0       0       1
   111 |       0       0       0       0       0       0       0       0       0       1
   133 |       0       0       0       0       0       0       0       0       0       1
   156 |       0       0       0       0       0       0       0       0       0       1
   178 |       0       0       0       0       0       0       0       0       0       1
   200 |       0    0.11    0.22   0.335   0.445   0.555   0.665    0.78    0.89       1

phi after 74654 iterations
i  \  k=       0      22      44      67      89     111     133     156     178     200
-------+--------------------------------------------------------------------------------
     0 |       0    0.11    0.22   0.335   0.445   0.555   0.665    0.78    0.89       1
    22 |       0    0.11    0.22   0.335   0.445   0.555   0.665    0.78    0.89       1
    44 |       0    0.11    0.22   0.335  0.4449  0.5549   0.665    0.78    0.89       1
    67 |       0    0.11    0.22  0.3349  0.4449  0.5549  0.6649    0.78    0.89       1
    89 |       0    0.11  0.2199  0.3349  0.4449  0.5549  0.6649  0.7799    0.89       1
   111 |       0    0.11  0.2199  0.3349  0.4449  0.5549  0.6649  0.7799    0.89       1
   133 |       0    0.11    0.22  0.3349  0.4449  0.5549  0.6649    0.78    0.89       1
   156 |       0    0.11    0.22   0.335  0.4449  0.5549   0.665    0.78    0.89       1
   178 |       0    0.11    0.22   0.335   0.445   0.555   0.665    0.78    0.89       1
   200 |       0    0.11    0.22   0.335   0.445   0.555   0.665    0.78    0.89       1
CPU time (clock)                =      0.00537 sec
wall clock time (omp_get_wtime) =         5.37 sec
wall clock time (gettimeofday)  =         5.37 sec
OpenMP-parallel with 3 threads

Heat Conduction 2d

dx =        0.005, dy =        0.005, dt =     6.25e-06, eps =        1e-08

start values
i  \  k=       0      22      44      67      89     111     133     156     178     200
-------+--------------------------------------------------------------------------------
     0 |       0    0.11    0.22   0.335   0.445   0.555   0.665    0.78    0.89       1
    22 |       0       0       0       0       0       0       0       0       0       1
    44 |       0       0       0       0       0       0       0       0       0       1
    67 |       0       0       0       0       0       0       0       0       0       1
    89 |       0       0       0       0       0       0       0       0       0       1
   111 |       0       0       0       0       0       0       0       0       0       1
   133 |       0       0       0       0       0       0       0       0       0       1
   156 |       0       0       0       0       0       0       0       0       0       1
   178 |       0       0       0       0       0       0       0       0       0       1
   200 |       0    0.11    0.22   0.335   0.445   0.555   0.665    0.78    0.89       1

phi after 74654 iterations
i  \  k=       0      22      44      67      89     111     133     156     178     200
-------+--------------------------------------------------------------------------------
     0 |       0    0.11    0.22   0.335   0.445   0.555   0.665    0.78    0.89       1
    22 |       0    0.11    0.22   0.335   0.445   0.555   0.665    0.78    0.89       1
    44 |       0    0.11    0.22   0.335  0.4449  0.5549   0.665    0.78    0.89       1
    67 |       0    0.11    0.22  0.3349  0.4449  0.5549  0.6649    0.78    0.89       1
    89 |       0    0.11  0.2199  0.3349  0.4449  0.5549  0.6649  0.7799    0.89       1
   111 |       0    0.11  0.2199  0.3349  0.4449  0.5549  0.6649  0.7799    0.89       1
   133 |       0    0.11    0.22  0.3349  0.4449  0.5549  0.6649    0.78    0.89       1
   156 |       0    0.11    0.22   0.335  0.4449  0.5549   0.665    0.78    0.89       1
   178 |       0    0.11    0.22   0.335   0.445   0.555   0.665    0.78    0.89       1
   200 |       0    0.11    0.22   0.335   0.445   0.555   0.665    0.78    0.89       1
CPU time (clock)                =     0.005456 sec
wall clock time (omp_get_wtime) =        5.457 sec
wall clock time (gettimeofday)  =        5.457 sec
OpenMP-parallel with 3 threads

Heat Conduction 2d

dx =        0.005, dy =        0.005, dt =     6.25e-06, eps =        1e-08

start values
i  \  k=       0      22      44      67      89     111     133     156     178     200
-------+--------------------------------------------------------------------------------
     0 |       0    0.11    0.22   0.335   0.445   0.555   0.665    0.78    0.89       1
    22 |       0       0       0       0       0       0       0       0       0       1
    44 |       0       0       0       0       0       0       0       0       0       1
    67 |       0       0       0       0       0       0       0       0       0       1
    89 |       0       0       0       0       0       0       0       0       0       1
   111 |       0       0       0       0       0       0       0       0       0       1
   133 |       0       0       0       0       0       0       0       0       0       1
   156 |       0       0       0       0       0       0       0       0       0       1
   178 |       0       0       0       0       0       0       0       0       0       1
   200 |       0    0.11    0.22   0.335   0.445   0.555   0.665    0.78    0.89       1

phi after 74654 iterations
i  \  k=       0      22      44      67      89     111     133     156     178     200
-------+--------------------------------------------------------------------------------
     0 |       0    0.11    0.22   0.335   0.445   0.555   0.665    0.78    0.89       1
    22 |       0    0.11    0.22   0.335   0.445   0.555   0.665    0.78    0.89       1
    44 |       0    0.11    0.22   0.335  0.4449  0.5549   0.665    0.78    0.89       1
    67 |       0    0.11    0.22  0.3349  0.4449  0.5549  0.6649    0.78    0.89       1
    89 |       0    0.11  0.2199  0.3349  0.4449  0.5549  0.6649  0.7799    0.89       1
   111 |       0    0.11  0.2199  0.3349  0.4449  0.5549  0.6649  0.7799    0.89       1
   133 |       0    0.11    0.22  0.3349  0.4449  0.5549  0.6649    0.78    0.89       1
   156 |       0    0.11    0.22   0.335  0.4449  0.5549   0.665    0.78    0.89       1
   178 |       0    0.11    0.22   0.335   0.445   0.555   0.665    0.78    0.89       1
   200 |       0    0.11    0.22   0.335   0.445   0.555   0.665    0.78    0.89       1
CPU time (clock)                =     0.005501 sec
wall clock time (omp_get_wtime) =        5.501 sec
wall clock time (gettimeofday)  =        5.501 sec
OpenMP-parallel with 3 threads

Heat Conduction 2d

dx =        0.005, dy =        0.005, dt =     6.25e-06, eps =        1e-08

start values
i  \  k=       0      22      44      67      89     111     133     156     178     200
-------+--------------------------------------------------------------------------------
     0 |       0    0.11    0.22   0.335   0.445   0.555   0.665    0.78    0.89       1
    22 |       0       0       0       0       0       0       0       0       0       1
    44 |       0       0       0       0       0       0       0       0       0       1
    67 |       0       0       0       0       0       0       0       0       0       1
    89 |       0       0       0       0       0       0       0       0       0       1
   111 |       0       0       0       0       0       0       0       0       0       1
   133 |       0       0       0       0       0       0       0       0       0       1
   156 |       0       0       0       0       0       0       0       0       0       1
   178 |       0       0       0       0       0       0       0       0       0       1
   200 |       0    0.11    0.22   0.335   0.445   0.555   0.665    0.78    0.89       1

phi after 74654 iterations
i  \  k=       0      22      44      67      89     111     133     156     178     200
-------+--------------------------------------------------------------------------------
     0 |       0    0.11    0.22   0.335   0.445   0.555   0.665    0.78    0.89       1
    22 |       0    0.11    0.22   0.335   0.445   0.555   0.665    0.78    0.89       1
    44 |       0    0.11    0.22   0.335  0.4449  0.5549   0.665    0.78    0.89       1
    67 |       0    0.11    0.22  0.3349  0.4449  0.5549  0.6649    0.78    0.89       1
    89 |       0    0.11  0.2199  0.3349  0.4449  0.5549  0.6649  0.7799    0.89       1
   111 |       0    0.11  0.2199  0.3349  0.4449  0.5549  0.6649  0.7799    0.89       1
   133 |       0    0.11    0.22  0.3349  0.4449  0.5549  0.6649    0.78    0.89       1
   156 |       0    0.11    0.22   0.335  0.4449  0.5549   0.665    0.78    0.89       1
   178 |       0    0.11    0.22   0.335   0.445   0.555   0.665    0.78    0.89       1
   200 |       0    0.11    0.22   0.335   0.445   0.555   0.665    0.78    0.89       1
CPU time (clock)                =     0.005433 sec
wall clock time (omp_get_wtime) =        5.432 sec
wall clock time (gettimeofday)  =        5.432 sec
OpenMP-parallel with 3 threads

Heat Conduction 2d

dx =        0.005, dy =        0.005, dt =     6.25e-06, eps =        1e-08

start values
i  \  k=       0      22      44      67      89     111     133     156     178     200
-------+--------------------------------------------------------------------------------
     0 |       0    0.11    0.22   0.335   0.445   0.555   0.665    0.78    0.89       1
    22 |       0       0       0       0       0       0       0       0       0       1
    44 |       0       0       0       0       0       0       0       0       0       1
    67 |       0       0       0       0       0       0       0       0       0       1
    89 |       0       0       0       0       0       0       0       0       0       1
   111 |       0       0       0       0       0       0       0       0       0       1
   133 |       0       0       0       0       0       0       0       0       0       1
   156 |       0       0       0       0       0       0       0       0       0       1
   178 |       0       0       0       0       0       0       0       0       0       1
   200 |       0    0.11    0.22   0.335   0.445   0.555   0.665    0.78    0.89       1

phi after 74654 iterations
i  \  k=       0      22      44      67      89     111     133     156     178     200
-------+--------------------------------------------------------------------------------
     0 |       0    0.11    0.22   0.335   0.445   0.555   0.665    0.78    0.89       1
    22 |       0    0.11    0.22   0.335   0.445   0.555   0.665    0.78    0.89       1
    44 |       0    0.11    0.22   0.335  0.4449  0.5549   0.665    0.78    0.89       1
    67 |       0    0.11    0.22  0.3349  0.4449  0.5549  0.6649    0.78    0.89       1
    89 |       0    0.11  0.2199  0.3349  0.4449  0.5549  0.6649  0.7799    0.89       1
   111 |       0    0.11  0.2199  0.3349  0.4449  0.5549  0.6649  0.7799    0.89       1
   133 |       0    0.11    0.22  0.3349  0.4449  0.5549  0.6649    0.78    0.89       1
   156 |       0    0.11    0.22   0.335  0.4449  0.5549   0.665    0.78    0.89       1
   178 |       0    0.11    0.22   0.335   0.445   0.555   0.665    0.78    0.89       1
   200 |       0    0.11    0.22   0.335   0.445   0.555   0.665    0.78    0.89       1
CPU time (clock)                =     0.005555 sec
wall clock time (omp_get_wtime) =        5.556 sec
wall clock time (gettimeofday)  =        5.556 sec
OpenMP-parallel with 3 threads

Heat Conduction 2d

dx =        0.005, dy =        0.005, dt =     6.25e-06, eps =        1e-08

start values
i  \  k=       0      22      44      67      89     111     133     156     178     200
-------+--------------------------------------------------------------------------------
     0 |       0    0.11    0.22   0.335   0.445   0.555   0.665    0.78    0.89       1
    22 |       0       0       0       0       0       0       0       0       0       1
    44 |       0       0       0       0       0       0       0       0       0       1
    67 |       0       0       0       0       0       0       0       0       0       1
    89 |       0       0       0       0       0       0       0       0       0       1
   111 |       0       0       0       0       0       0       0       0       0       1
   133 |       0       0       0       0       0       0       0       0       0       1
   156 |       0       0       0       0       0       0       0       0       0       1
   178 |       0       0       0       0       0       0       0       0       0       1
   200 |       0    0.11    0.22   0.335   0.445   0.555   0.665    0.78    0.89       1

phi after 74654 iterations
i  \  k=       0      22      44      67      89     111     133     156     178     200
-------+--------------------------------------------------------------------------------
     0 |       0    0.11    0.22   0.335   0.445   0.555   0.665    0.78    0.89       1
    22 |       0    0.11    0.22   0.335   0.445   0.555   0.665    0.78    0.89       1
    44 |       0    0.11    0.22   0.335  0.4449  0.5549   0.665    0.78    0.89       1
    67 |       0    0.11    0.22  0.3349  0.4449  0.5549  0.6649    0.78    0.89       1
    89 |       0    0.11  0.2199  0.3349  0.4449  0.5549  0.6649  0.7799    0.89       1
   111 |       0    0.11  0.2199  0.3349  0.4449  0.5549  0.6649  0.7799    0.89       1
   133 |       0    0.11    0.22  0.3349  0.4449  0.5549  0.6649    0.78    0.89       1
   156 |       0    0.11    0.22   0.335  0.4449  0.5549   0.665    0.78    0.89       1
   178 |       0    0.11    0.22   0.335   0.445   0.555   0.665    0.78    0.89       1
   200 |       0    0.11    0.22   0.335   0.445   0.555   0.665    0.78    0.89       1
CPU time (clock)                =     0.005679 sec
wall clock time (omp_get_wtime) =        5.678 sec
wall clock time (gettimeofday)  =        5.678 sec
OpenMP-parallel with 3 threads

Heat Conduction 2d

dx =        0.005, dy =        0.005, dt =     6.25e-06, eps =        1e-08

start values
i  \  k=       0      22      44      67      89     111     133     156     178     200
-------+--------------------------------------------------------------------------------
     0 |       0    0.11    0.22   0.335   0.445   0.555   0.665    0.78    0.89       1
    22 |       0       0       0       0       0       0       0       0       0       1
    44 |       0       0       0       0       0       0       0       0       0       1
    67 |       0       0       0       0       0       0       0       0       0       1
    89 |       0       0       0       0       0       0       0       0       0       1
   111 |       0       0       0       0       0       0       0       0       0       1
   133 |       0       0       0       0       0       0       0       0       0       1
   156 |       0       0       0       0       0       0       0       0       0       1
   178 |       0       0       0       0       0       0       0       0       0       1
   200 |       0    0.11    0.22   0.335   0.445   0.555   0.665    0.78    0.89       1

phi after 74654 iterations
i  \  k=       0      22      44      67      89     111     133     156     178     200
-------+--------------------------------------------------------------------------------
     0 |       0    0.11    0.22   0.335   0.445   0.555   0.665    0.78    0.89       1
    22 |       0    0.11    0.22   0.335   0.445   0.555   0.665    0.78    0.89       1
    44 |       0    0.11    0.22   0.335  0.4449  0.5549   0.665    0.78    0.89       1
    67 |       0    0.11    0.22  0.3349  0.4449  0.5549  0.6649    0.78    0.89       1
    89 |       0    0.11  0.2199  0.3349  0.4449  0.5549  0.6649  0.7799    0.89       1
   111 |       0    0.11  0.2199  0.3349  0.4449  0.5549  0.6649  0.7799    0.89       1
   133 |       0    0.11    0.22  0.3349  0.4449  0.5549  0.6649    0.78    0.89       1
   156 |       0    0.11    0.22   0.335  0.4449  0.5549   0.665    0.78    0.89       1
   178 |       0    0.11    0.22   0.335   0.445   0.555   0.665    0.78    0.89       1
   200 |       0    0.11    0.22   0.335   0.445   0.555   0.665    0.78    0.89       1
CPU time (clock)                =     0.005243 sec
wall clock time (omp_get_wtime) =        5.243 sec
wall clock time (gettimeofday)  =        5.243 sec
OpenMP-parallel with 3 threads

Heat Conduction 2d

dx =        0.005, dy =        0.005, dt =     6.25e-06, eps =        1e-08

start values
i  \  k=       0      22      44      67      89     111     133     156     178     200
-------+--------------------------------------------------------------------------------
     0 |       0    0.11    0.22   0.335   0.445   0.555   0.665    0.78    0.89       1
    22 |       0       0       0       0       0       0       0       0       0       1
    44 |       0       0       0       0       0       0       0       0       0       1
    67 |       0       0       0       0       0       0       0       0       0       1
    89 |       0       0       0       0       0       0       0       0       0       1
   111 |       0       0       0       0       0       0       0       0       0       1
   133 |       0       0       0       0       0       0       0       0       0       1
   156 |       0       0       0       0       0       0       0       0       0       1
   178 |       0       0       0       0       0       0       0       0       0       1
   200 |       0    0.11    0.22   0.335   0.445   0.555   0.665    0.78    0.89       1

phi after 74654 iterations
i  \  k=       0      22      44      67      89     111     133     156     178     200
-------+--------------------------------------------------------------------------------
     0 |       0    0.11    0.22   0.335   0.445   0.555   0.665    0.78    0.89       1
    22 |       0    0.11    0.22   0.335   0.445   0.555   0.665    0.78    0.89       1
    44 |       0    0.11    0.22   0.335  0.4449  0.5549   0.665    0.78    0.89       1
    67 |       0    0.11    0.22  0.3349  0.4449  0.5549  0.6649    0.78    0.89       1
    89 |       0    0.11  0.2199  0.3349  0.4449  0.5549  0.6649  0.7799    0.89       1
   111 |       0    0.11  0.2199  0.3349  0.4449  0.5549  0.6649  0.7799    0.89       1
   133 |       0    0.11    0.22  0.3349  0.4449  0.5549  0.6649    0.78    0.89       1
   156 |       0    0.11    0.22   0.335  0.4449  0.5549   0.665    0.78    0.89       1
   178 |       0    0.11    0.22   0.335   0.445   0.555   0.665    0.78    0.89       1
   200 |       0    0.11    0.22   0.335   0.445   0.555   0.665    0.78    0.89       1
CPU time (clock)                =     0.005179 sec
wall clock time (omp_get_wtime) =        5.179 sec
wall clock time (gettimeofday)  =         5.18 sec
OpenMP-parallel with 3 threads

Heat Conduction 2d

dx =        0.005, dy =        0.005, dt =     6.25e-06, eps =        1e-08

start values
i  \  k=       0      22      44      67      89     111     133     156     178     200
-------+--------------------------------------------------------------------------------
     0 |       0    0.11    0.22   0.335   0.445   0.555   0.665    0.78    0.89       1
    22 |       0       0       0       0       0       0       0       0       0       1
    44 |       0       0       0       0       0       0       0       0       0       1
    67 |       0       0       0       0       0       0       0       0       0       1
    89 |       0       0       0       0       0       0       0       0       0       1
   111 |       0       0       0       0       0       0       0       0       0       1
   133 |       0       0       0       0       0       0       0       0       0       1
   156 |       0       0       0       0       0       0       0       0       0       1
   178 |       0       0       0       0       0       0       0       0       0       1
   200 |       0    0.11    0.22   0.335   0.445   0.555   0.665    0.78    0.89       1

phi after 74654 iterations
i  \  k=       0      22      44      67      89     111     133     156     178     200
-------+--------------------------------------------------------------------------------
     0 |       0    0.11    0.22   0.335   0.445   0.555   0.665    0.78    0.89       1
    22 |       0    0.11    0.22   0.335   0.445   0.555   0.665    0.78    0.89       1
    44 |       0    0.11    0.22   0.335  0.4449  0.5549   0.665    0.78    0.89       1
    67 |       0    0.11    0.22  0.3349  0.4449  0.5549  0.6649    0.78    0.89       1
    89 |       0    0.11  0.2199  0.3349  0.4449  0.5549  0.6649  0.7799    0.89       1
   111 |       0    0.11  0.2199  0.3349  0.4449  0.5549  0.6649  0.7799    0.89       1
   133 |       0    0.11    0.22  0.3349  0.4449  0.5549  0.6649    0.78    0.89       1
   156 |       0    0.11    0.22   0.335  0.4449  0.5549   0.665    0.78    0.89       1
   178 |       0    0.11    0.22   0.335   0.445   0.555   0.665    0.78    0.89       1
   200 |       0    0.11    0.22   0.335   0.445   0.555   0.665    0.78    0.89       1
CPU time (clock)                =     0.005386 sec
wall clock time (omp_get_wtime) =        5.386 sec
wall clock time (gettimeofday)  =        5.386 sec
OpenMP-parallel with 3 threads

Heat Conduction 2d

dx =        0.005, dy =        0.005, dt =     6.25e-06, eps =        1e-08

start values
i  \  k=       0      22      44      67      89     111     133     156     178     200
-------+--------------------------------------------------------------------------------
     0 |       0    0.11    0.22   0.335   0.445   0.555   0.665    0.78    0.89       1
    22 |       0       0       0       0       0       0       0       0       0       1
    44 |       0       0       0       0       0       0       0       0       0       1
    67 |       0       0       0       0       0       0       0       0       0       1
    89 |       0       0       0       0       0       0       0       0       0       1
   111 |       0       0       0       0       0       0       0       0       0       1
   133 |       0       0       0       0       0       0       0       0       0       1
   156 |       0       0       0       0       0       0       0       0       0       1
   178 |       0       0       0       0       0       0       0       0       0       1
   200 |       0    0.11    0.22   0.335   0.445   0.555   0.665    0.78    0.89       1

phi after 74654 iterations
i  \  k=       0      22      44      67      89     111     133     156     178     200
-------+--------------------------------------------------------------------------------
     0 |       0    0.11    0.22   0.335   0.445   0.555   0.665    0.78    0.89       1
    22 |       0    0.11    0.22   0.335   0.445   0.555   0.665    0.78    0.89       1
    44 |       0    0.11    0.22   0.335  0.4449  0.5549   0.665    0.78    0.89       1
    67 |       0    0.11    0.22  0.3349  0.4449  0.5549  0.6649    0.78    0.89       1
    89 |       0    0.11  0.2199  0.3349  0.4449  0.5549  0.6649  0.7799    0.89       1
   111 |       0    0.11  0.2199  0.3349  0.4449  0.5549  0.6649  0.7799    0.89       1
   133 |       0    0.11    0.22  0.3349  0.4449  0.5549  0.6649    0.78    0.89       1
   156 |       0    0.11    0.22   0.335  0.4449  0.5549   0.665    0.78    0.89       1
   178 |       0    0.11    0.22   0.335   0.445   0.555   0.665    0.78    0.89       1
   200 |       0    0.11    0.22   0.335   0.445   0.555   0.665    0.78    0.89       1
CPU time (clock)                =     0.005404 sec
wall clock time (omp_get_wtime) =        5.404 sec
wall clock time (gettimeofday)  =        5.404 sec
OpenMP-parallel with 3 threads

Heat Conduction 2d

dx =        0.005, dy =        0.005, dt =     6.25e-06, eps =        1e-08

start values
i  \  k=       0      22      44      67      89     111     133     156     178     200
-------+--------------------------------------------------------------------------------
     0 |       0    0.11    0.22   0.335   0.445   0.555   0.665    0.78    0.89       1
    22 |       0       0       0       0       0       0       0       0       0       1
    44 |       0       0       0       0       0       0       0       0       0       1
    67 |       0       0       0       0       0       0       0       0       0       1
    89 |       0       0       0       0       0       0       0       0       0       1
   111 |       0       0       0       0       0       0       0       0       0       1
   133 |       0       0       0       0       0       0       0       0       0       1
   156 |       0       0       0       0       0       0       0       0       0       1
   178 |       0       0       0       0       0       0       0       0       0       1
   200 |       0    0.11    0.22   0.335   0.445   0.555   0.665    0.78    0.89       1

phi after 74654 iterations
i  \  k=       0      22      44      67      89     111     133     156     178     200
-------+--------------------------------------------------------------------------------
     0 |       0    0.11    0.22   0.335   0.445   0.555   0.665    0.78    0.89       1
    22 |       0    0.11    0.22   0.335   0.445   0.555   0.665    0.78    0.89       1
    44 |       0    0.11    0.22   0.335  0.4449  0.5549   0.665    0.78    0.89       1
    67 |       0    0.11    0.22  0.3349  0.4449  0.5549  0.6649    0.78    0.89       1
    89 |       0    0.11  0.2199  0.3349  0.4449  0.5549  0.6649  0.7799    0.89       1
   111 |       0    0.11  0.2199  0.3349  0.4449  0.5549  0.6649  0.7799    0.89       1
   133 |       0    0.11    0.22  0.3349  0.4449  0.5549  0.6649    0.78    0.89       1
   156 |       0    0.11    0.22   0.335  0.4449  0.5549   0.665    0.78    0.89       1
   178 |       0    0.11    0.22   0.335   0.445   0.555   0.665    0.78    0.89       1
   200 |       0    0.11    0.22   0.335   0.445   0.555   0.665    0.78    0.89       1
CPU time (clock)                =     0.005293 sec
wall clock time (omp_get_wtime) =        5.293 sec
wall clock time (gettimeofday)  =        5.293 sec
OpenMP-parallel with 3 threads

Heat Conduction 2d

dx =        0.005, dy =        0.005, dt =     6.25e-06, eps =        1e-08

start values
i  \  k=       0      22      44      67      89     111     133     156     178     200
-------+--------------------------------------------------------------------------------
     0 |       0    0.11    0.22   0.335   0.445   0.555   0.665    0.78    0.89       1
    22 |       0       0       0       0       0       0       0       0       0       1
    44 |       0       0       0       0       0       0       0       0       0       1
    67 |       0       0       0       0       0       0       0       0       0       1
    89 |       0       0       0       0       0       0       0       0       0       1
   111 |       0       0       0       0       0       0       0       0       0       1
   133 |       0       0       0       0       0       0       0       0       0       1
   156 |       0       0       0       0       0       0       0       0       0       1
   178 |       0       0       0       0       0       0       0       0       0       1
   200 |       0    0.11    0.22   0.335   0.445   0.555   0.665    0.78    0.89       1

phi after 74654 iterations
i  \  k=       0      22      44      67      89     111     133     156     178     200
-------+--------------------------------------------------------------------------------
     0 |       0    0.11    0.22   0.335   0.445   0.555   0.665    0.78    0.89       1
    22 |       0    0.11    0.22   0.335   0.445   0.555   0.665    0.78    0.89       1
    44 |       0    0.11    0.22   0.335  0.4449  0.5549   0.665    0.78    0.89       1
    67 |       0    0.11    0.22  0.3349  0.4449  0.5549  0.6649    0.78    0.89       1
    89 |       0    0.11  0.2199  0.3349  0.4449  0.5549  0.6649  0.7799    0.89       1
   111 |       0    0.11  0.2199  0.3349  0.4449  0.5549  0.6649  0.7799    0.89       1
   133 |       0    0.11    0.22  0.3349  0.4449  0.5549  0.6649    0.78    0.89       1
   156 |       0    0.11    0.22   0.335  0.4449  0.5549   0.665    0.78    0.89       1
   178 |       0    0.11    0.22   0.335   0.445   0.555   0.665    0.78    0.89       1
   200 |       0    0.11    0.22   0.335   0.445   0.555   0.665    0.78    0.89       1
CPU time (clock)                =     0.005317 sec
wall clock time (omp_get_wtime) =        5.317 sec
wall clock time (gettimeofday)  =        5.317 sec
OpenMP-parallel with 3 threads

Heat Conduction 2d

dx =        0.005, dy =        0.005, dt =     6.25e-06, eps =        1e-08

start values
i  \  k=       0      22      44      67      89     111     133     156     178     200
-------+--------------------------------------------------------------------------------
     0 |       0    0.11    0.22   0.335   0.445   0.555   0.665    0.78    0.89       1
    22 |       0       0       0       0       0       0       0       0       0       1
    44 |       0       0       0       0       0       0       0       0       0       1
    67 |       0       0       0       0       0       0       0       0       0       1
    89 |       0       0       0       0       0       0       0       0       0       1
   111 |       0       0       0       0       0       0       0       0       0       1
   133 |       0       0       0       0       0       0       0       0       0       1
   156 |       0       0       0       0       0       0       0       0       0       1
   178 |       0       0       0       0       0       0       0       0       0       1
   200 |       0    0.11    0.22   0.335   0.445   0.555   0.665    0.78    0.89       1

phi after 74654 iterations
i  \  k=       0      22      44      67      89     111     133     156     178     200
-------+--------------------------------------------------------------------------------
     0 |       0    0.11    0.22   0.335   0.445   0.555   0.665    0.78    0.89       1
    22 |       0    0.11    0.22   0.335   0.445   0.555   0.665    0.78    0.89       1
    44 |       0    0.11    0.22   0.335  0.4449  0.5549   0.665    0.78    0.89       1
    67 |       0    0.11    0.22  0.3349  0.4449  0.5549  0.6649    0.78    0.89       1
    89 |       0    0.11  0.2199  0.3349  0.4449  0.5549  0.6649  0.7799    0.89       1
   111 |       0    0.11  0.2199  0.3349  0.4449  0.5549  0.6649  0.7799    0.89       1
   133 |       0    0.11    0.22  0.3349  0.4449  0.5549  0.6649    0.78    0.89       1
   156 |       0    0.11    0.22   0.335  0.4449  0.5549   0.665    0.78    0.89       1
   178 |       0    0.11    0.22   0.335   0.445   0.555   0.665    0.78    0.89       1
   200 |       0    0.11    0.22   0.335   0.445   0.555   0.665    0.78    0.89       1
CPU time (clock)                =     0.005415 sec
wall clock time (omp_get_wtime) =        5.414 sec
wall clock time (gettimeofday)  =        5.415 sec
OpenMP-parallel with 3 threads

Heat Conduction 2d

dx =        0.005, dy =        0.005, dt =     6.25e-06, eps =        1e-08

start values
i  \  k=       0      22      44      67      89     111     133     156     178     200
-------+--------------------------------------------------------------------------------
     0 |       0    0.11    0.22   0.335   0.445   0.555   0.665    0.78    0.89       1
    22 |       0       0       0       0       0       0       0       0       0       1
    44 |       0       0       0       0       0       0       0       0       0       1
    67 |       0       0       0       0       0       0       0       0       0       1
    89 |       0       0       0       0       0       0       0       0       0       1
   111 |       0       0       0       0       0       0       0       0       0       1
   133 |       0       0       0       0       0       0       0       0       0       1
   156 |       0       0       0       0       0       0       0       0       0       1
   178 |       0       0       0       0       0       0       0       0       0       1
   200 |       0    0.11    0.22   0.335   0.445   0.555   0.665    0.78    0.89       1

phi after 74654 iterations
i  \  k=       0      22      44      67      89     111     133     156     178     200
-------+--------------------------------------------------------------------------------
     0 |       0    0.11    0.22   0.335   0.445   0.555   0.665    0.78    0.89       1
    22 |       0    0.11    0.22   0.335   0.445   0.555   0.665    0.78    0.89       1
    44 |       0    0.11    0.22   0.335  0.4449  0.5549   0.665    0.78    0.89       1
    67 |       0    0.11    0.22  0.3349  0.4449  0.5549  0.6649    0.78    0.89       1
    89 |       0    0.11  0.2199  0.3349  0.4449  0.5549  0.6649  0.7799    0.89       1
   111 |       0    0.11  0.2199  0.3349  0.4449  0.5549  0.6649  0.7799    0.89       1
   133 |       0    0.11    0.22  0.3349  0.4449  0.5549  0.6649    0.78    0.89       1
   156 |       0    0.11    0.22   0.335  0.4449  0.5549   0.665    0.78    0.89       1
   178 |       0    0.11    0.22   0.335   0.445   0.555   0.665    0.78    0.89       1
   200 |       0    0.11    0.22   0.335   0.445   0.555   0.665    0.78    0.89       1
CPU time (clock)                =      0.00512 sec
wall clock time (omp_get_wtime) =        5.119 sec
wall clock time (gettimeofday)  =         5.12 sec
OpenMP-parallel with 3 threads

Heat Conduction 2d

dx =        0.005, dy =        0.005, dt =     6.25e-06, eps =        1e-08

start values
i  \  k=       0      22      44      67      89     111     133     156     178     200
-------+--------------------------------------------------------------------------------
     0 |       0    0.11    0.22   0.335   0.445   0.555   0.665    0.78    0.89       1
    22 |       0       0       0       0       0       0       0       0       0       1
    44 |       0       0       0       0       0       0       0       0       0       1
    67 |       0       0       0       0       0       0       0       0       0       1
    89 |       0       0       0       0       0       0       0       0       0       1
   111 |       0       0       0       0       0       0       0       0       0       1
   133 |       0       0       0       0       0       0       0       0       0       1
   156 |       0       0       0       0       0       0       0       0       0       1
   178 |       0       0       0       0       0       0       0       0       0       1
   200 |       0    0.11    0.22   0.335   0.445   0.555   0.665    0.78    0.89       1

phi after 74654 iterations
i  \  k=       0      22      44      67      89     111     133     156     178     200
-------+--------------------------------------------------------------------------------
     0 |       0    0.11    0.22   0.335   0.445   0.555   0.665    0.78    0.89       1
    22 |       0    0.11    0.22   0.335   0.445   0.555   0.665    0.78    0.89       1
    44 |       0    0.11    0.22   0.335  0.4449  0.5549   0.665    0.78    0.89       1
    67 |       0    0.11    0.22  0.3349  0.4449  0.5549  0.6649    0.78    0.89       1
    89 |       0    0.11  0.2199  0.3349  0.4449  0.5549  0.6649  0.7799    0.89       1
   111 |       0    0.11  0.2199  0.3349  0.4449  0.5549  0.6649  0.7799    0.89       1
   133 |       0    0.11    0.22  0.3349  0.4449  0.5549  0.6649    0.78    0.89       1
   156 |       0    0.11    0.22   0.335  0.4449  0.5549   0.665    0.78    0.89       1
   178 |       0    0.11    0.22   0.335   0.445   0.555   0.665    0.78    0.89       1
   200 |       0    0.11    0.22   0.335   0.445   0.555   0.665    0.78    0.89       1
CPU time (clock)                =     0.005489 sec
wall clock time (omp_get_wtime) =         5.49 sec
wall clock time (gettimeofday)  =        5.489 sec
OpenMP-parallel with 3 threads

Heat Conduction 2d

dx =        0.005, dy =        0.005, dt =     6.25e-06, eps =        1e-08

start values
i  \  k=       0      22      44      67      89     111     133     156     178     200
-------+--------------------------------------------------------------------------------
     0 |       0    0.11    0.22   0.335   0.445   0.555   0.665    0.78    0.89       1
    22 |       0       0       0       0       0       0       0       0       0       1
    44 |       0       0       0       0       0       0       0       0       0       1
    67 |       0       0       0       0       0       0       0       0       0       1
    89 |       0       0       0       0       0       0       0       0       0       1
   111 |       0       0       0       0       0       0       0       0       0       1
   133 |       0       0       0       0       0       0       0       0       0       1
   156 |       0       0       0       0       0       0       0       0       0       1
   178 |       0       0       0       0       0       0       0       0       0       1
   200 |       0    0.11    0.22   0.335   0.445   0.555   0.665    0.78    0.89       1

phi after 74654 iterations
i  \  k=       0      22      44      67      89     111     133     156     178     200
-------+--------------------------------------------------------------------------------
     0 |       0    0.11    0.22   0.335   0.445   0.555   0.665    0.78    0.89       1
    22 |       0    0.11    0.22   0.335   0.445   0.555   0.665    0.78    0.89       1
    44 |       0    0.11    0.22   0.335  0.4449  0.5549   0.665    0.78    0.89       1
    67 |       0    0.11    0.22  0.3349  0.4449  0.5549  0.6649    0.78    0.89       1
    89 |       0    0.11  0.2199  0.3349  0.4449  0.5549  0.6649  0.7799    0.89       1
   111 |       0    0.11  0.2199  0.3349  0.4449  0.5549  0.6649  0.7799    0.89       1
   133 |       0    0.11    0.22  0.3349  0.4449  0.5549  0.6649    0.78    0.89       1
   156 |       0    0.11    0.22   0.335  0.4449  0.5549   0.665    0.78    0.89       1
   178 |       0    0.11    0.22   0.335   0.445   0.555   0.665    0.78    0.89       1
   200 |       0    0.11    0.22   0.335   0.445   0.555   0.665    0.78    0.89       1
CPU time (clock)                =     0.005216 sec
wall clock time (omp_get_wtime) =        5.216 sec
wall clock time (gettimeofday)  =        5.215 sec
OpenMP-parallel with 3 threads

Heat Conduction 2d

dx =        0.005, dy =        0.005, dt =     6.25e-06, eps =        1e-08

start values
i  \  k=       0      22      44      67      89     111     133     156     178     200
-------+--------------------------------------------------------------------------------
     0 |       0    0.11    0.22   0.335   0.445   0.555   0.665    0.78    0.89       1
    22 |       0       0       0       0       0       0       0       0       0       1
    44 |       0       0       0       0       0       0       0       0       0       1
    67 |       0       0       0       0       0       0       0       0       0       1
    89 |       0       0       0       0       0       0       0       0       0       1
   111 |       0       0       0       0       0       0       0       0       0       1
   133 |       0       0       0       0       0       0       0       0       0       1
   156 |       0       0       0       0       0       0       0       0       0       1
   178 |       0       0       0       0       0       0       0       0       0       1
   200 |       0    0.11    0.22   0.335   0.445   0.555   0.665    0.78    0.89       1

phi after 74654 iterations
i  \  k=       0      22      44      67      89     111     133     156     178     200
-------+--------------------------------------------------------------------------------
     0 |       0    0.11    0.22   0.335   0.445   0.555   0.665    0.78    0.89       1
    22 |       0    0.11    0.22   0.335   0.445   0.555   0.665    0.78    0.89       1
    44 |       0    0.11    0.22   0.335  0.4449  0.5549   0.665    0.78    0.89       1
    67 |       0    0.11    0.22  0.3349  0.4449  0.5549  0.6649    0.78    0.89       1
    89 |       0    0.11  0.2199  0.3349  0.4449  0.5549  0.6649  0.7799    0.89       1
   111 |       0    0.11  0.2199  0.3349  0.4449  0.5549  0.6649  0.7799    0.89       1
   133 |       0    0.11    0.22  0.3349  0.4449  0.5549  0.6649    0.78    0.89       1
   156 |       0    0.11    0.22   0.335  0.4449  0.5549   0.665    0.78    0.89       1
   178 |       0    0.11    0.22   0.335   0.445   0.555   0.665    0.78    0.89       1
   200 |       0    0.11    0.22   0.335   0.445   0.555   0.665    0.78    0.89       1
CPU time (clock)                =     0.005211 sec
wall clock time (omp_get_wtime) =        5.211 sec
wall clock time (gettimeofday)  =        5.211 sec
OpenMP-parallel with 3 threads

Heat Conduction 2d

dx =        0.005, dy =        0.005, dt =     6.25e-06, eps =        1e-08

start values
i  \  k=       0      22      44      67      89     111     133     156     178     200
-------+--------------------------------------------------------------------------------
     0 |       0    0.11    0.22   0.335   0.445   0.555   0.665    0.78    0.89       1
    22 |       0       0       0       0       0       0       0       0       0       1
    44 |       0       0       0       0       0       0       0       0       0       1
    67 |       0       0       0       0       0       0       0       0       0       1
    89 |       0       0       0       0       0       0       0       0       0       1
   111 |       0       0       0       0       0       0       0       0       0       1
   133 |       0       0       0       0       0       0       0       0       0       1
   156 |       0       0       0       0       0       0       0       0       0       1
   178 |       0       0       0       0       0       0       0       0       0       1
   200 |       0    0.11    0.22   0.335   0.445   0.555   0.665    0.78    0.89       1

phi after 74654 iterations
i  \  k=       0      22      44      67      89     111     133     156     178     200
-------+--------------------------------------------------------------------------------
     0 |       0    0.11    0.22   0.335   0.445   0.555   0.665    0.78    0.89       1
    22 |       0    0.11    0.22   0.335   0.445   0.555   0.665    0.78    0.89       1
    44 |       0    0.11    0.22   0.335  0.4449  0.5549   0.665    0.78    0.89       1
    67 |       0    0.11    0.22  0.3349  0.4449  0.5549  0.6649    0.78    0.89       1
    89 |       0    0.11  0.2199  0.3349  0.4449  0.5549  0.6649  0.7799    0.89       1
   111 |       0    0.11  0.2199  0.3349  0.4449  0.5549  0.6649  0.7799    0.89       1
   133 |       0    0.11    0.22  0.3349  0.4449  0.5549  0.6649    0.78    0.89       1
   156 |       0    0.11    0.22   0.335  0.4449  0.5549   0.665    0.78    0.89       1
   178 |       0    0.11    0.22   0.335   0.445   0.555   0.665    0.78    0.89       1
   200 |       0    0.11    0.22   0.335   0.445   0.555   0.665    0.78    0.89       1
CPU time (clock)                =     0.005135 sec
wall clock time (omp_get_wtime) =        5.135 sec
wall clock time (gettimeofday)  =        5.135 sec
OpenMP-parallel with 3 threads

Heat Conduction 2d

dx =        0.005, dy =        0.005, dt =     6.25e-06, eps =        1e-08

start values
i  \  k=       0      22      44      67      89     111     133     156     178     200
-------+--------------------------------------------------------------------------------
     0 |       0    0.11    0.22   0.335   0.445   0.555   0.665    0.78    0.89       1
    22 |       0       0       0       0       0       0       0       0       0       1
    44 |       0       0       0       0       0       0       0       0       0       1
    67 |       0       0       0       0       0       0       0       0       0       1
    89 |       0       0       0       0       0       0       0       0       0       1
   111 |       0       0       0       0       0       0       0       0       0       1
   133 |       0       0       0       0       0       0       0       0       0       1
   156 |       0       0       0       0       0       0       0       0       0       1
   178 |       0       0       0       0       0       0       0       0       0       1
   200 |       0    0.11    0.22   0.335   0.445   0.555   0.665    0.78    0.89       1

phi after 74654 iterations
i  \  k=       0      22      44      67      89     111     133     156     178     200
-------+--------------------------------------------------------------------------------
     0 |       0    0.11    0.22   0.335   0.445   0.555   0.665    0.78    0.89       1
    22 |       0    0.11    0.22   0.335   0.445   0.555   0.665    0.78    0.89       1
    44 |       0    0.11    0.22   0.335  0.4449  0.5549   0.665    0.78    0.89       1
    67 |       0    0.11    0.22  0.3349  0.4449  0.5549  0.6649    0.78    0.89       1
    89 |       0    0.11  0.2199  0.3349  0.4449  0.5549  0.6649  0.7799    0.89       1
   111 |       0    0.11  0.2199  0.3349  0.4449  0.5549  0.6649  0.7799    0.89       1
   133 |       0    0.11    0.22  0.3349  0.4449  0.5549  0.6649    0.78    0.89       1
   156 |       0    0.11    0.22   0.335  0.4449  0.5549   0.665    0.78    0.89       1
   178 |       0    0.11    0.22   0.335   0.445   0.555   0.665    0.78    0.89       1
   200 |       0    0.11    0.22   0.335   0.445   0.555   0.665    0.78    0.89       1
CPU time (clock)                =      0.00522 sec
wall clock time (omp_get_wtime) =         5.22 sec
wall clock time (gettimeofday)  =         5.22 sec
