OpenMP-parallel with 3 threads

Heat Conduction 2d

dx =        0.005, dy =        0.005, dt =     6.25e-06, eps =        1e-08

start values
i  \  k=       0      22      44      67      89     111     133     156     178     200
-------+--------------------------------------------------------------------------------
     0 |       0    0.11    0.22   0.335   0.445   0.555   0.665    0.78    0.89       1
    22 |       0       0       0       0       0       0       0       0       0       1
    44 |       0       0       0       0       0       0       0       0       0       1
    67 |       0       0       0       0       0       0       0       0       0       1
    89 |       0       0       0       0       0       0       0       0       0       1
   111 |       0       0       0       0       0       0       0       0       0       1
   133 |       0       0       0       0       0       0       0       0       0       1
   156 |       0       0       0       0       0       0       0       0       0       1
   178 |       0       0       0       0       0       0       0       0       0       1
   200 |       0    0.11    0.22   0.335   0.445   0.555   0.665    0.78    0.89       1

phi after 15001 iterations
i  \  k=       0      22      44      67      89     111     133     156     178     200
-------+--------------------------------------------------------------------------------
     0 |       0    0.11    0.22   0.335   0.445   0.555   0.665    0.78    0.89       1
    22 |       0  0.09623  0.1938  0.2987  0.4029   0.512  0.6263  0.7512  0.8745       1
    44 |       0  0.08409  0.1707  0.2666  0.3659  0.4742  0.5923  0.7257  0.8609       1
    67 |       0  0.0747  0.1528  0.2419  0.3372  0.4449  0.5659  0.7061  0.8503       1
    89 |       0  0.06997  0.1439  0.2294  0.3228  0.4301  0.5527  0.6962   0.845       1
   111 |       0  0.06997  0.1439  0.2294  0.3228  0.4301  0.5527  0.6962   0.845       1
   133 |       0  0.0747  0.1528  0.2419  0.3372  0.4449  0.5659  0.7061  0.8503       1
   156 |       0  0.08409  0.1707  0.2666  0.3659  0.4742  0.5923  0.7257  0.8609       1
   178 |       0  0.09623  0.1938  0.2987  0.4029   0.512  0.6263  0.7512  0.8745       1
   200 |       0    0.11    0.22   0.335   0.445   0.555   0.665    0.78    0.89       1
CPU time (clock)                =     0.001186 sec
wall clock time (omp_get_wtime) =        1.187 sec
wall clock time (gettimeofday)  =        1.186 sec
OpenMP-parallel with 3 threads

Heat Conduction 2d

dx =        0.005, dy =        0.005, dt =     6.25e-06, eps =        1e-08

start values
i  \  k=       0      22      44      67      89     111     133     156     178     200
-------+--------------------------------------------------------------------------------
     0 |       0    0.11    0.22   0.335   0.445   0.555   0.665    0.78    0.89       1
    22 |       0       0       0       0       0       0       0       0       0       1
    44 |       0       0       0       0       0       0       0       0       0       1
    67 |       0       0       0       0       0       0       0       0       0       1
    89 |       0       0       0       0       0       0       0       0       0       1
   111 |       0       0       0       0       0       0       0       0       0       1
   133 |       0       0       0       0       0       0       0       0       0       1
   156 |       0       0       0       0       0       0       0       0       0       1
   178 |       0       0       0       0       0       0       0       0       0       1
   200 |       0    0.11    0.22   0.335   0.445   0.555   0.665    0.78    0.89       1

phi after 15001 iterations
i  \  k=       0      22      44      67      89     111     133     156     178     200
-------+--------------------------------------------------------------------------------
     0 |       0    0.11    0.22   0.335   0.445   0.555   0.665    0.78    0.89       1
    22 |       0  0.09623  0.1938  0.2987  0.4029   0.512  0.6263  0.7512  0.8745       1
    44 |       0  0.08409  0.1707  0.2666  0.3659  0.4742  0.5923  0.7257  0.8609       1
    67 |       0  0.0747  0.1528  0.2419  0.3372  0.4449  0.5659  0.7061  0.8503       1
    89 |       0  0.06997  0.1439  0.2294  0.3228  0.4301  0.5527  0.6962   0.845       1
   111 |       0  0.06997  0.1439  0.2294  0.3228  0.4301  0.5527  0.6962   0.845       1
   133 |       0  0.0747  0.1528  0.2419  0.3372  0.4449  0.5659  0.7061  0.8503       1
   156 |       0  0.08409  0.1707  0.2666  0.3659  0.4742  0.5923  0.7257  0.8609       1
   178 |       0  0.09623  0.1938  0.2987  0.4029   0.512  0.6263  0.7512  0.8745       1
   200 |       0    0.11    0.22   0.335   0.445   0.555   0.665    0.78    0.89       1
CPU time (clock)                =     0.001135 sec
wall clock time (omp_get_wtime) =        1.136 sec
wall clock time (gettimeofday)  =        1.136 sec
OpenMP-parallel with 3 threads

Heat Conduction 2d

dx =        0.005, dy =        0.005, dt =     6.25e-06, eps =        1e-08

start values
i  \  k=       0      22      44      67      89     111     133     156     178     200
-------+--------------------------------------------------------------------------------
     0 |       0    0.11    0.22   0.335   0.445   0.555   0.665    0.78    0.89       1
    22 |       0       0       0       0       0       0       0       0       0       1
    44 |       0       0       0       0       0       0       0       0       0       1
    67 |       0       0       0       0       0       0       0       0       0       1
    89 |       0       0       0       0       0       0       0       0       0       1
   111 |       0       0       0       0       0       0       0       0       0       1
   133 |       0       0       0       0       0       0       0       0       0       1
   156 |       0       0       0       0       0       0       0       0       0       1
   178 |       0       0       0       0       0       0       0       0       0       1
   200 |       0    0.11    0.22   0.335   0.445   0.555   0.665    0.78    0.89       1

phi after 15001 iterations
i  \  k=       0      22      44      67      89     111     133     156     178     200
-------+--------------------------------------------------------------------------------
     0 |       0    0.11    0.22   0.335   0.445   0.555   0.665    0.78    0.89       1
    22 |       0  0.09623  0.1938  0.2987  0.4029   0.512  0.6263  0.7512  0.8745       1
    44 |       0  0.08409  0.1707  0.2666  0.3659  0.4742  0.5923  0.7257  0.8609       1
    67 |       0  0.0747  0.1528  0.2419  0.3372  0.4449  0.5659  0.7061  0.8503       1
    89 |       0  0.06997  0.1439  0.2294  0.3228  0.4301  0.5527  0.6962   0.845       1
   111 |       0  0.06997  0.1439  0.2294  0.3228  0.4301  0.5527  0.6962   0.845       1
   133 |       0  0.0747  0.1528  0.2419  0.3372  0.4449  0.5659  0.7061  0.8503       1
   156 |       0  0.08409  0.1707  0.2666  0.3659  0.4742  0.5923  0.7257  0.8609       1
   178 |       0  0.09623  0.1938  0.2987  0.4029   0.512  0.6263  0.7512  0.8745       1
   200 |       0    0.11    0.22   0.335   0.445   0.555   0.665    0.78    0.89       1
CPU time (clock)                =     0.001103 sec
wall clock time (omp_get_wtime) =        1.103 sec
wall clock time (gettimeofday)  =        1.103 sec
OpenMP-parallel with 3 threads

Heat Conduction 2d

dx =        0.005, dy =        0.005, dt =     6.25e-06, eps =        1e-08

start values
i  \  k=       0      22      44      67      89     111     133     156     178     200
-------+--------------------------------------------------------------------------------
     0 |       0    0.11    0.22   0.335   0.445   0.555   0.665    0.78    0.89       1
    22 |       0       0       0       0       0       0       0       0       0       1
    44 |       0       0       0       0       0       0       0       0       0       1
    67 |       0       0       0       0       0       0       0       0       0       1
    89 |       0       0       0       0       0       0       0       0       0       1
   111 |       0       0       0       0       0       0       0       0       0       1
   133 |       0       0       0       0       0       0       0       0       0       1
   156 |       0       0       0       0       0       0       0       0       0       1
   178 |       0       0       0       0       0       0       0       0       0       1
   200 |       0    0.11    0.22   0.335   0.445   0.555   0.665    0.78    0.89       1

phi after 15001 iterations
i  \  k=       0      22      44      67      89     111     133     156     178     200
-------+--------------------------------------------------------------------------------
     0 |       0    0.11    0.22   0.335   0.445   0.555   0.665    0.78    0.89       1
    22 |       0  0.09623  0.1938  0.2987  0.4029   0.512  0.6263  0.7512  0.8745       1
    44 |       0  0.08409  0.1707  0.2666  0.3659  0.4742  0.5923  0.7257  0.8609       1
    67 |       0  0.0747  0.1528  0.2419  0.3372  0.4449  0.5659  0.7061  0.8503       1
    89 |       0  0.06997  0.1439  0.2294  0.3228  0.4301  0.5527  0.6962   0.845       1
   111 |       0  0.06997  0.1439  0.2294  0.3228  0.4301  0.5527  0.6962   0.845       1
   133 |       0  0.0747  0.1528  0.2419  0.3372  0.4449  0.5659  0.7061  0.8503       1
   156 |       0  0.08409  0.1707  0.2666  0.3659  0.4742  0.5923  0.7257  0.8609       1
   178 |       0  0.09623  0.1938  0.2987  0.4029   0.512  0.6263  0.7512  0.8745       1
   200 |       0    0.11    0.22   0.335   0.445   0.555   0.665    0.78    0.89       1
CPU time (clock)                =     0.001095 sec
wall clock time (omp_get_wtime) =        1.095 sec
wall clock time (gettimeofday)  =        1.095 sec
OpenMP-parallel with 3 threads

Heat Conduction 2d

dx =        0.005, dy =        0.005, dt =     6.25e-06, eps =        1e-08

start values
i  \  k=       0      22      44      67      89     111     133     156     178     200
-------+--------------------------------------------------------------------------------
     0 |       0    0.11    0.22   0.335   0.445   0.555   0.665    0.78    0.89       1
    22 |       0       0       0       0       0       0       0       0       0       1
    44 |       0       0       0       0       0       0       0       0       0       1
    67 |       0       0       0       0       0       0       0       0       0       1
    89 |       0       0       0       0       0       0       0       0       0       1
   111 |       0       0       0       0       0       0       0       0       0       1
   133 |       0       0       0       0       0       0       0       0       0       1
   156 |       0       0       0       0       0       0       0       0       0       1
   178 |       0       0       0       0       0       0       0       0       0       1
   200 |       0    0.11    0.22   0.335   0.445   0.555   0.665    0.78    0.89       1

phi after 15001 iterations
i  \  k=       0      22      44      67      89     111     133     156     178     200
-------+--------------------------------------------------------------------------------
     0 |       0    0.11    0.22   0.335   0.445   0.555   0.665    0.78    0.89       1
    22 |       0  0.09623  0.1938  0.2987  0.4029   0.512  0.6263  0.7512  0.8745       1
    44 |       0  0.08409  0.1707  0.2666  0.3659  0.4742  0.5923  0.7257  0.8609       1
    67 |       0  0.0747  0.1528  0.2419  0.3372  0.4449  0.5659  0.7061  0.8503       1
    89 |       0  0.06997  0.1439  0.2294  0.3228  0.4301  0.5527  0.6962   0.845       1
   111 |       0  0.06997  0.1439  0.2294  0.3228  0.4301  0.5527  0.6962   0.845       1
   133 |       0  0.0747  0.1528  0.2419  0.3372  0.4449  0.5659  0.7061  0.8503       1
   156 |       0  0.08409  0.1707  0.2666  0.3659  0.4742  0.5923  0.7257  0.8609       1
   178 |       0  0.09623  0.1938  0.2987  0.4029   0.512  0.6263  0.7512  0.8745       1
   200 |       0    0.11    0.22   0.335   0.445   0.555   0.665    0.78    0.89       1
CPU time (clock)                =     0.001077 sec
wall clock time (omp_get_wtime) =        1.076 sec
wall clock time (gettimeofday)  =        1.077 sec
OpenMP-parallel with 3 threads

Heat Conduction 2d

dx =        0.005, dy =        0.005, dt =     6.25e-06, eps =        1e-08

start values
i  \  k=       0      22      44      67      89     111     133     156     178     200
-------+--------------------------------------------------------------------------------
     0 |       0    0.11    0.22   0.335   0.445   0.555   0.665    0.78    0.89       1
    22 |       0       0       0       0       0       0       0       0       0       1
    44 |       0       0       0       0       0       0       0       0       0       1
    67 |       0       0       0       0       0       0       0       0       0       1
    89 |       0       0       0       0       0       0       0       0       0       1
   111 |       0       0       0       0       0       0       0       0       0       1
   133 |       0       0       0       0       0       0       0       0       0       1
   156 |       0       0       0       0       0       0       0       0       0       1
   178 |       0       0       0       0       0       0       0       0       0       1
   200 |       0    0.11    0.22   0.335   0.445   0.555   0.665    0.78    0.89       1

phi after 15001 iterations
i  \  k=       0      22      44      67      89     111     133     156     178     200
-------+--------------------------------------------------------------------------------
     0 |       0    0.11    0.22   0.335   0.445   0.555   0.665    0.78    0.89       1
    22 |       0  0.09623  0.1938  0.2987  0.4029   0.512  0.6263  0.7512  0.8745       1
    44 |       0  0.08409  0.1707  0.2666  0.3659  0.4742  0.5923  0.7257  0.8609       1
    67 |       0  0.0747  0.1528  0.2419  0.3372  0.4449  0.5659  0.7061  0.8503       1
    89 |       0  0.06997  0.1439  0.2294  0.3228  0.4301  0.5527  0.6962   0.845       1
   111 |       0  0.06997  0.1439  0.2294  0.3228  0.4301  0.5527  0.6962   0.845       1
   133 |       0  0.0747  0.1528  0.2419  0.3372  0.4449  0.5659  0.7061  0.8503       1
   156 |       0  0.08409  0.1707  0.2666  0.3659  0.4742  0.5923  0.7257  0.8609       1
   178 |       0  0.09623  0.1938  0.2987  0.4029   0.512  0.6263  0.7512  0.8745       1
   200 |       0    0.11    0.22   0.335   0.445   0.555   0.665    0.78    0.89       1
CPU time (clock)                =      0.00111 sec
wall clock time (omp_get_wtime) =         1.11 sec
wall clock time (gettimeofday)  =        1.109 sec
OpenMP-parallel with 3 threads

Heat Conduction 2d

dx =        0.005, dy =        0.005, dt =     6.25e-06, eps =        1e-08

start values
i  \  k=       0      22      44      67      89     111     133     156     178     200
-------+--------------------------------------------------------------------------------
     0 |       0    0.11    0.22   0.335   0.445   0.555   0.665    0.78    0.89       1
    22 |       0       0       0       0       0       0       0       0       0       1
    44 |       0       0       0       0       0       0       0       0       0       1
    67 |       0       0       0       0       0       0       0       0       0       1
    89 |       0       0       0       0       0       0       0       0       0       1
   111 |       0       0       0       0       0       0       0       0       0       1
   133 |       0       0       0       0       0       0       0       0       0       1
   156 |       0       0       0       0       0       0       0       0       0       1
   178 |       0       0       0       0       0       0       0       0       0       1
   200 |       0    0.11    0.22   0.335   0.445   0.555   0.665    0.78    0.89       1

phi after 15001 iterations
i  \  k=       0      22      44      67      89     111     133     156     178     200
-------+--------------------------------------------------------------------------------
     0 |       0    0.11    0.22   0.335   0.445   0.555   0.665    0.78    0.89       1
    22 |       0  0.09623  0.1938  0.2987  0.4029   0.512  0.6263  0.7512  0.8745       1
    44 |       0  0.08409  0.1707  0.2666  0.3659  0.4742  0.5923  0.7257  0.8609       1
    67 |       0  0.0747  0.1528  0.2419  0.3372  0.4449  0.5659  0.7061  0.8503       1
    89 |       0  0.06997  0.1439  0.2294  0.3228  0.4301  0.5527  0.6962   0.845       1
   111 |       0  0.06997  0.1439  0.2294  0.3228  0.4301  0.5527  0.6962   0.845       1
   133 |       0  0.0747  0.1528  0.2419  0.3372  0.4449  0.5659  0.7061  0.8503       1
   156 |       0  0.08409  0.1707  0.2666  0.3659  0.4742  0.5923  0.7257  0.8609       1
   178 |       0  0.09623  0.1938  0.2987  0.4029   0.512  0.6263  0.7512  0.8745       1
   200 |       0    0.11    0.22   0.335   0.445   0.555   0.665    0.78    0.89       1
CPU time (clock)                =     0.001105 sec
wall clock time (omp_get_wtime) =        1.106 sec
wall clock time (gettimeofday)  =        1.106 sec
OpenMP-parallel with 3 threads

Heat Conduction 2d

dx =        0.005, dy =        0.005, dt =     6.25e-06, eps =        1e-08

start values
i  \  k=       0      22      44      67      89     111     133     156     178     200
-------+--------------------------------------------------------------------------------
     0 |       0    0.11    0.22   0.335   0.445   0.555   0.665    0.78    0.89       1
    22 |       0       0       0       0       0       0       0       0       0       1
    44 |       0       0       0       0       0       0       0       0       0       1
    67 |       0       0       0       0       0       0       0       0       0       1
    89 |       0       0       0       0       0       0       0       0       0       1
   111 |       0       0       0       0       0       0       0       0       0       1
   133 |       0       0       0       0       0       0       0       0       0       1
   156 |       0       0       0       0       0       0       0       0       0       1
   178 |       0       0       0       0       0       0       0       0       0       1
   200 |       0    0.11    0.22   0.335   0.445   0.555   0.665    0.78    0.89       1

phi after 15001 iterations
i  \  k=       0      22      44      67      89     111     133     156     178     200
-------+--------------------------------------------------------------------------------
     0 |       0    0.11    0.22   0.335   0.445   0.555   0.665    0.78    0.89       1
    22 |       0  0.09623  0.1938  0.2987  0.4029   0.512  0.6263  0.7512  0.8745       1
    44 |       0  0.08409  0.1707  0.2666  0.3659  0.4742  0.5923  0.7257  0.8609       1
    67 |       0  0.0747  0.1528  0.2419  0.3372  0.4449  0.5659  0.7061  0.8503       1
    89 |       0  0.06997  0.1439  0.2294  0.3228  0.4301  0.5527  0.6962   0.845       1
   111 |       0  0.06997  0.1439  0.2294  0.3228  0.4301  0.5527  0.6962   0.845       1
   133 |       0  0.0747  0.1528  0.2419  0.3372  0.4449  0.5659  0.7061  0.8503       1
   156 |       0  0.08409  0.1707  0.2666  0.3659  0.4742  0.5923  0.7257  0.8609       1
   178 |       0  0.09623  0.1938  0.2987  0.4029   0.512  0.6263  0.7512  0.8745       1
   200 |       0    0.11    0.22   0.335   0.445   0.555   0.665    0.78    0.89       1
CPU time (clock)                =     0.001075 sec
wall clock time (omp_get_wtime) =        1.074 sec
wall clock time (gettimeofday)  =        1.074 sec
OpenMP-parallel with 3 threads

Heat Conduction 2d

dx =        0.005, dy =        0.005, dt =     6.25e-06, eps =        1e-08

start values
i  \  k=       0      22      44      67      89     111     133     156     178     200
-------+--------------------------------------------------------------------------------
     0 |       0    0.11    0.22   0.335   0.445   0.555   0.665    0.78    0.89       1
    22 |       0       0       0       0       0       0       0       0       0       1
    44 |       0       0       0       0       0       0       0       0       0       1
    67 |       0       0       0       0       0       0       0       0       0       1
    89 |       0       0       0       0       0       0       0       0       0       1
   111 |       0       0       0       0       0       0       0       0       0       1
   133 |       0       0       0       0       0       0       0       0       0       1
   156 |       0       0       0       0       0       0       0       0       0       1
   178 |       0       0       0       0       0       0       0       0       0       1
   200 |       0    0.11    0.22   0.335   0.445   0.555   0.665    0.78    0.89       1

phi after 15001 iterations
i  \  k=       0      22      44      67      89     111     133     156     178     200
-------+--------------------------------------------------------------------------------
     0 |       0    0.11    0.22   0.335   0.445   0.555   0.665    0.78    0.89       1
    22 |       0  0.09623  0.1938  0.2987  0.4029   0.512  0.6263  0.7512  0.8745       1
    44 |       0  0.08409  0.1707  0.2666  0.3659  0.4742  0.5923  0.7257  0.8609       1
    67 |       0  0.0747  0.1528  0.2419  0.3372  0.4449  0.5659  0.7061  0.8503       1
    89 |       0  0.06997  0.1439  0.2294  0.3228  0.4301  0.5527  0.6962   0.845       1
   111 |       0  0.06997  0.1439  0.2294  0.3228  0.4301  0.5527  0.6962   0.845       1
   133 |       0  0.0747  0.1528  0.2419  0.3372  0.4449  0.5659  0.7061  0.8503       1
   156 |       0  0.08409  0.1707  0.2666  0.3659  0.4742  0.5923  0.7257  0.8609       1
   178 |       0  0.09623  0.1938  0.2987  0.4029   0.512  0.6263  0.7512  0.8745       1
   200 |       0    0.11    0.22   0.335   0.445   0.555   0.665    0.78    0.89       1
CPU time (clock)                =     0.001126 sec
wall clock time (omp_get_wtime) =        1.125 sec
wall clock time (gettimeofday)  =        1.126 sec
OpenMP-parallel with 3 threads

Heat Conduction 2d

dx =        0.005, dy =        0.005, dt =     6.25e-06, eps =        1e-08

start values
i  \  k=       0      22      44      67      89     111     133     156     178     200
-------+--------------------------------------------------------------------------------
     0 |       0    0.11    0.22   0.335   0.445   0.555   0.665    0.78    0.89       1
    22 |       0       0       0       0       0       0       0       0       0       1
    44 |       0       0       0       0       0       0       0       0       0       1
    67 |       0       0       0       0       0       0       0       0       0       1
    89 |       0       0       0       0       0       0       0       0       0       1
   111 |       0       0       0       0       0       0       0       0       0       1
   133 |       0       0       0       0       0       0       0       0       0       1
   156 |       0       0       0       0       0       0       0       0       0       1
   178 |       0       0       0       0       0       0       0       0       0       1
   200 |       0    0.11    0.22   0.335   0.445   0.555   0.665    0.78    0.89       1

phi after 15001 iterations
i  \  k=       0      22      44      67      89     111     133     156     178     200
-------+--------------------------------------------------------------------------------
     0 |       0    0.11    0.22   0.335   0.445   0.555   0.665    0.78    0.89       1
    22 |       0  0.09623  0.1938  0.2987  0.4029   0.512  0.6263  0.7512  0.8745       1
    44 |       0  0.08409  0.1707  0.2666  0.3659  0.4742  0.5923  0.7257  0.8609       1
    67 |       0  0.0747  0.1528  0.2419  0.3372  0.4449  0.5659  0.7061  0.8503       1
    89 |       0  0.06997  0.1439  0.2294  0.3228  0.4301  0.5527  0.6962   0.845       1
   111 |       0  0.06997  0.1439  0.2294  0.3228  0.4301  0.5527  0.6962   0.845       1
   133 |       0  0.0747  0.1528  0.2419  0.3372  0.4449  0.5659  0.7061  0.8503       1
   156 |       0  0.08409  0.1707  0.2666  0.3659  0.4742  0.5923  0.7257  0.8609       1
   178 |       0  0.09623  0.1938  0.2987  0.4029   0.512  0.6263  0.7512  0.8745       1
   200 |       0    0.11    0.22   0.335   0.445   0.555   0.665    0.78    0.89       1
CPU time (clock)                =      0.00119 sec
wall clock time (omp_get_wtime) =         1.19 sec
wall clock time (gettimeofday)  =         1.19 sec
OpenMP-parallel with 3 threads

Heat Conduction 2d

dx =        0.005, dy =        0.005, dt =     6.25e-06, eps =        1e-08

start values
i  \  k=       0      22      44      67      89     111     133     156     178     200
-------+--------------------------------------------------------------------------------
     0 |       0    0.11    0.22   0.335   0.445   0.555   0.665    0.78    0.89       1
    22 |       0       0       0       0       0       0       0       0       0       1
    44 |       0       0       0       0       0       0       0       0       0       1
    67 |       0       0       0       0       0       0       0       0       0       1
    89 |       0       0       0       0       0       0       0       0       0       1
   111 |       0       0       0       0       0       0       0       0       0       1
   133 |       0       0       0       0       0       0       0       0       0       1
   156 |       0       0       0       0       0       0       0       0       0       1
   178 |       0       0       0       0       0       0       0       0       0       1
   200 |       0    0.11    0.22   0.335   0.445   0.555   0.665    0.78    0.89       1

phi after 15001 iterations
i  \  k=       0      22      44      67      89     111     133     156     178     200
-------+--------------------------------------------------------------------------------
     0 |       0    0.11    0.22   0.335   0.445   0.555   0.665    0.78    0.89       1
    22 |       0  0.09623  0.1938  0.2987  0.4029   0.512  0.6263  0.7512  0.8745       1
    44 |       0  0.08409  0.1707  0.2666  0.3659  0.4742  0.5923  0.7257  0.8609       1
    67 |       0  0.0747  0.1528  0.2419  0.3372  0.4449  0.5659  0.7061  0.8503       1
    89 |       0  0.06997  0.1439  0.2294  0.3228  0.4301  0.5527  0.6962   0.845       1
   111 |       0  0.06997  0.1439  0.2294  0.3228  0.4301  0.5527  0.6962   0.845       1
   133 |       0  0.0747  0.1528  0.2419  0.3372  0.4449  0.5659  0.7061  0.8503       1
   156 |       0  0.08409  0.1707  0.2666  0.3659  0.4742  0.5923  0.7257  0.8609       1
   178 |       0  0.09623  0.1938  0.2987  0.4029   0.512  0.6263  0.7512  0.8745       1
   200 |       0    0.11    0.22   0.335   0.445   0.555   0.665    0.78    0.89       1
CPU time (clock)                =     0.001165 sec
wall clock time (omp_get_wtime) =        1.165 sec
wall clock time (gettimeofday)  =        1.164 sec
OpenMP-parallel with 3 threads

Heat Conduction 2d

dx =        0.005, dy =        0.005, dt =     6.25e-06, eps =        1e-08

start values
i  \  k=       0      22      44      67      89     111     133     156     178     200
-------+--------------------------------------------------------------------------------
     0 |       0    0.11    0.22   0.335   0.445   0.555   0.665    0.78    0.89       1
    22 |       0       0       0       0       0       0       0       0       0       1
    44 |       0       0       0       0       0       0       0       0       0       1
    67 |       0       0       0       0       0       0       0       0       0       1
    89 |       0       0       0       0       0       0       0       0       0       1
   111 |       0       0       0       0       0       0       0       0       0       1
   133 |       0       0       0       0       0       0       0       0       0       1
   156 |       0       0       0       0       0       0       0       0       0       1
   178 |       0       0       0       0       0       0       0       0       0       1
   200 |       0    0.11    0.22   0.335   0.445   0.555   0.665    0.78    0.89       1

phi after 15001 iterations
i  \  k=       0      22      44      67      89     111     133     156     178     200
-------+--------------------------------------------------------------------------------
     0 |       0    0.11    0.22   0.335   0.445   0.555   0.665    0.78    0.89       1
    22 |       0  0.09623  0.1938  0.2987  0.4029   0.512  0.6263  0.7512  0.8745       1
    44 |       0  0.08409  0.1707  0.2666  0.3659  0.4742  0.5923  0.7257  0.8609       1
    67 |       0  0.0747  0.1528  0.2419  0.3372  0.4449  0.5659  0.7061  0.8503       1
    89 |       0  0.06997  0.1439  0.2294  0.3228  0.4301  0.5527  0.6962   0.845       1
   111 |       0  0.06997  0.1439  0.2294  0.3228  0.4301  0.5527  0.6962   0.845       1
   133 |       0  0.0747  0.1528  0.2419  0.3372  0.4449  0.5659  0.7061  0.8503       1
   156 |       0  0.08409  0.1707  0.2666  0.3659  0.4742  0.5923  0.7257  0.8609       1
   178 |       0  0.09623  0.1938  0.2987  0.4029   0.512  0.6263  0.7512  0.8745       1
   200 |       0    0.11    0.22   0.335   0.445   0.555   0.665    0.78    0.89       1
CPU time (clock)                =     0.001134 sec
wall clock time (omp_get_wtime) =        1.134 sec
wall clock time (gettimeofday)  =        1.134 sec
OpenMP-parallel with 3 threads

Heat Conduction 2d

dx =        0.005, dy =        0.005, dt =     6.25e-06, eps =        1e-08

start values
i  \  k=       0      22      44      67      89     111     133     156     178     200
-------+--------------------------------------------------------------------------------
     0 |       0    0.11    0.22   0.335   0.445   0.555   0.665    0.78    0.89       1
    22 |       0       0       0       0       0       0       0       0       0       1
    44 |       0       0       0       0       0       0       0       0       0       1
    67 |       0       0       0       0       0       0       0       0       0       1
    89 |       0       0       0       0       0       0       0       0       0       1
   111 |       0       0       0       0       0       0       0       0       0       1
   133 |       0       0       0       0       0       0       0       0       0       1
   156 |       0       0       0       0       0       0       0       0       0       1
   178 |       0       0       0       0       0       0       0       0       0       1
   200 |       0    0.11    0.22   0.335   0.445   0.555   0.665    0.78    0.89       1

phi after 15001 iterations
i  \  k=       0      22      44      67      89     111     133     156     178     200
-------+--------------------------------------------------------------------------------
     0 |       0    0.11    0.22   0.335   0.445   0.555   0.665    0.78    0.89       1
    22 |       0  0.09623  0.1938  0.2987  0.4029   0.512  0.6263  0.7512  0.8745       1
    44 |       0  0.08409  0.1707  0.2666  0.3659  0.4742  0.5923  0.7257  0.8609       1
    67 |       0  0.0747  0.1528  0.2419  0.3372  0.4449  0.5659  0.7061  0.8503       1
    89 |       0  0.06997  0.1439  0.2294  0.3228  0.4301  0.5527  0.6962   0.845       1
   111 |       0  0.06997  0.1439  0.2294  0.3228  0.4301  0.5527  0.6962   0.845       1
   133 |       0  0.0747  0.1528  0.2419  0.3372  0.4449  0.5659  0.7061  0.8503       1
   156 |       0  0.08409  0.1707  0.2666  0.3659  0.4742  0.5923  0.7257  0.8609       1
   178 |       0  0.09623  0.1938  0.2987  0.4029   0.512  0.6263  0.7512  0.8745       1
   200 |       0    0.11    0.22   0.335   0.445   0.555   0.665    0.78    0.89       1
CPU time (clock)                =     0.001136 sec
wall clock time (omp_get_wtime) =        1.136 sec
wall clock time (gettimeofday)  =        1.136 sec
OpenMP-parallel with 3 threads

Heat Conduction 2d

dx =        0.005, dy =        0.005, dt =     6.25e-06, eps =        1e-08

start values
i  \  k=       0      22      44      67      89     111     133     156     178     200
-------+--------------------------------------------------------------------------------
     0 |       0    0.11    0.22   0.335   0.445   0.555   0.665    0.78    0.89       1
    22 |       0       0       0       0       0       0       0       0       0       1
    44 |       0       0       0       0       0       0       0       0       0       1
    67 |       0       0       0       0       0       0       0       0       0       1
    89 |       0       0       0       0       0       0       0       0       0       1
   111 |       0       0       0       0       0       0       0       0       0       1
   133 |       0       0       0       0       0       0       0       0       0       1
   156 |       0       0       0       0       0       0       0       0       0       1
   178 |       0       0       0       0       0       0       0       0       0       1
   200 |       0    0.11    0.22   0.335   0.445   0.555   0.665    0.78    0.89       1

phi after 15001 iterations
i  \  k=       0      22      44      67      89     111     133     156     178     200
-------+--------------------------------------------------------------------------------
     0 |       0    0.11    0.22   0.335   0.445   0.555   0.665    0.78    0.89       1
    22 |       0  0.09623  0.1938  0.2987  0.4029   0.512  0.6263  0.7512  0.8745       1
    44 |       0  0.08409  0.1707  0.2666  0.3659  0.4742  0.5923  0.7257  0.8609       1
    67 |       0  0.0747  0.1528  0.2419  0.3372  0.4449  0.5659  0.7061  0.8503       1
    89 |       0  0.06997  0.1439  0.2294  0.3228  0.4301  0.5527  0.6962   0.845       1
   111 |       0  0.06997  0.1439  0.2294  0.3228  0.4301  0.5527  0.6962   0.845       1
   133 |       0  0.0747  0.1528  0.2419  0.3372  0.4449  0.5659  0.7061  0.8503       1
   156 |       0  0.08409  0.1707  0.2666  0.3659  0.4742  0.5923  0.7257  0.8609       1
   178 |       0  0.09623  0.1938  0.2987  0.4029   0.512  0.6263  0.7512  0.8745       1
   200 |       0    0.11    0.22   0.335   0.445   0.555   0.665    0.78    0.89       1
CPU time (clock)                =     0.001063 sec
wall clock time (omp_get_wtime) =        1.063 sec
wall clock time (gettimeofday)  =        1.063 sec
OpenMP-parallel with 3 threads

Heat Conduction 2d

dx =        0.005, dy =        0.005, dt =     6.25e-06, eps =        1e-08

start values
i  \  k=       0      22      44      67      89     111     133     156     178     200
-------+--------------------------------------------------------------------------------
     0 |       0    0.11    0.22   0.335   0.445   0.555   0.665    0.78    0.89       1
    22 |       0       0       0       0       0       0       0       0       0       1
    44 |       0       0       0       0       0       0       0       0       0       1
    67 |       0       0       0       0       0       0       0       0       0       1
    89 |       0       0       0       0       0       0       0       0       0       1
   111 |       0       0       0       0       0       0       0       0       0       1
   133 |       0       0       0       0       0       0       0       0       0       1
   156 |       0       0       0       0       0       0       0       0       0       1
   178 |       0       0       0       0       0       0       0       0       0       1
   200 |       0    0.11    0.22   0.335   0.445   0.555   0.665    0.78    0.89       1

phi after 15001 iterations
i  \  k=       0      22      44      67      89     111     133     156     178     200
-------+--------------------------------------------------------------------------------
     0 |       0    0.11    0.22   0.335   0.445   0.555   0.665    0.78    0.89       1
    22 |       0  0.09623  0.1938  0.2987  0.4029   0.512  0.6263  0.7512  0.8745       1
    44 |       0  0.08409  0.1707  0.2666  0.3659  0.4742  0.5923  0.7257  0.8609       1
    67 |       0  0.0747  0.1528  0.2419  0.3372  0.4449  0.5659  0.7061  0.8503       1
    89 |       0  0.06997  0.1439  0.2294  0.3228  0.4301  0.5527  0.6962   0.845       1
   111 |       0  0.06997  0.1439  0.2294  0.3228  0.4301  0.5527  0.6962   0.845       1
   133 |       0  0.0747  0.1528  0.2419  0.3372  0.4449  0.5659  0.7061  0.8503       1
   156 |       0  0.08409  0.1707  0.2666  0.3659  0.4742  0.5923  0.7257  0.8609       1
   178 |       0  0.09623  0.1938  0.2987  0.4029   0.512  0.6263  0.7512  0.8745       1
   200 |       0    0.11    0.22   0.335   0.445   0.555   0.665    0.78    0.89       1
CPU time (clock)                =     0.001045 sec
wall clock time (omp_get_wtime) =        1.045 sec
wall clock time (gettimeofday)  =        1.045 sec
OpenMP-parallel with 3 threads

Heat Conduction 2d

dx =        0.005, dy =        0.005, dt =     6.25e-06, eps =        1e-08

start values
i  \  k=       0      22      44      67      89     111     133     156     178     200
-------+--------------------------------------------------------------------------------
     0 |       0    0.11    0.22   0.335   0.445   0.555   0.665    0.78    0.89       1
    22 |       0       0       0       0       0       0       0       0       0       1
    44 |       0       0       0       0       0       0       0       0       0       1
    67 |       0       0       0       0       0       0       0       0       0       1
    89 |       0       0       0       0       0       0       0       0       0       1
   111 |       0       0       0       0       0       0       0       0       0       1
   133 |       0       0       0       0       0       0       0       0       0       1
   156 |       0       0       0       0       0       0       0       0       0       1
   178 |       0       0       0       0       0       0       0       0       0       1
   200 |       0    0.11    0.22   0.335   0.445   0.555   0.665    0.78    0.89       1

phi after 15001 iterations
i  \  k=       0      22      44      67      89     111     133     156     178     200
-------+--------------------------------------------------------------------------------
     0 |       0    0.11    0.22   0.335   0.445   0.555   0.665    0.78    0.89       1
    22 |       0  0.09623  0.1938  0.2987  0.4029   0.512  0.6263  0.7512  0.8745       1
    44 |       0  0.08409  0.1707  0.2666  0.3659  0.4742  0.5923  0.7257  0.8609       1
    67 |       0  0.0747  0.1528  0.2419  0.3372  0.4449  0.5659  0.7061  0.8503       1
    89 |       0  0.06997  0.1439  0.2294  0.3228  0.4301  0.5527  0.6962   0.845       1
   111 |       0  0.06997  0.1439  0.2294  0.3228  0.4301  0.5527  0.6962   0.845       1
   133 |       0  0.0747  0.1528  0.2419  0.3372  0.4449  0.5659  0.7061  0.8503       1
   156 |       0  0.08409  0.1707  0.2666  0.3659  0.4742  0.5923  0.7257  0.8609       1
   178 |       0  0.09623  0.1938  0.2987  0.4029   0.512  0.6263  0.7512  0.8745       1
   200 |       0    0.11    0.22   0.335   0.445   0.555   0.665    0.78    0.89       1
CPU time (clock)                =     0.001172 sec
wall clock time (omp_get_wtime) =        1.172 sec
wall clock time (gettimeofday)  =        1.172 sec
OpenMP-parallel with 3 threads

Heat Conduction 2d

dx =        0.005, dy =        0.005, dt =     6.25e-06, eps =        1e-08

start values
i  \  k=       0      22      44      67      89     111     133     156     178     200
-------+--------------------------------------------------------------------------------
     0 |       0    0.11    0.22   0.335   0.445   0.555   0.665    0.78    0.89       1
    22 |       0       0       0       0       0       0       0       0       0       1
    44 |       0       0       0       0       0       0       0       0       0       1
    67 |       0       0       0       0       0       0       0       0       0       1
    89 |       0       0       0       0       0       0       0       0       0       1
   111 |       0       0       0       0       0       0       0       0       0       1
   133 |       0       0       0       0       0       0       0       0       0       1
   156 |       0       0       0       0       0       0       0       0       0       1
   178 |       0       0       0       0       0       0       0       0       0       1
   200 |       0    0.11    0.22   0.335   0.445   0.555   0.665    0.78    0.89       1

phi after 15001 iterations
i  \  k=       0      22      44      67      89     111     133     156     178     200
-------+--------------------------------------------------------------------------------
     0 |       0    0.11    0.22   0.335   0.445   0.555   0.665    0.78    0.89       1
    22 |       0  0.09623  0.1938  0.2987  0.4029   0.512  0.6263  0.7512  0.8745       1
    44 |       0  0.08409  0.1707  0.2666  0.3659  0.4742  0.5923  0.7257  0.8609       1
    67 |       0  0.0747  0.1528  0.2419  0.3372  0.4449  0.5659  0.7061  0.8503       1
    89 |       0  0.06997  0.1439  0.2294  0.3228  0.4301  0.5527  0.6962   0.845       1
   111 |       0  0.06997  0.1439  0.2294  0.3228  0.4301  0.5527  0.6962   0.845       1
   133 |       0  0.0747  0.1528  0.2419  0.3372  0.4449  0.5659  0.7061  0.8503       1
   156 |       0  0.08409  0.1707  0.2666  0.3659  0.4742  0.5923  0.7257  0.8609       1
   178 |       0  0.09623  0.1938  0.2987  0.4029   0.512  0.6263  0.7512  0.8745       1
   200 |       0    0.11    0.22   0.335   0.445   0.555   0.665    0.78    0.89       1
CPU time (clock)                =     0.001104 sec
wall clock time (omp_get_wtime) =        1.103 sec
wall clock time (gettimeofday)  =        1.104 sec
OpenMP-parallel with 3 threads

Heat Conduction 2d

dx =        0.005, dy =        0.005, dt =     6.25e-06, eps =        1e-08

start values
i  \  k=       0      22      44      67      89     111     133     156     178     200
-------+--------------------------------------------------------------------------------
     0 |       0    0.11    0.22   0.335   0.445   0.555   0.665    0.78    0.89       1
    22 |       0       0       0       0       0       0       0       0       0       1
    44 |       0       0       0       0       0       0       0       0       0       1
    67 |       0       0       0       0       0       0       0       0       0       1
    89 |       0       0       0       0       0       0       0       0       0       1
   111 |       0       0       0       0       0       0       0       0       0       1
   133 |       0       0       0       0       0       0       0       0       0       1
   156 |       0       0       0       0       0       0       0       0       0       1
   178 |       0       0       0       0       0       0       0       0       0       1
   200 |       0    0.11    0.22   0.335   0.445   0.555   0.665    0.78    0.89       1

phi after 15001 iterations
i  \  k=       0      22      44      67      89     111     133     156     178     200
-------+--------------------------------------------------------------------------------
     0 |       0    0.11    0.22   0.335   0.445   0.555   0.665    0.78    0.89       1
    22 |       0  0.09623  0.1938  0.2987  0.4029   0.512  0.6263  0.7512  0.8745       1
    44 |       0  0.08409  0.1707  0.2666  0.3659  0.4742  0.5923  0.7257  0.8609       1
    67 |       0  0.0747  0.1528  0.2419  0.3372  0.4449  0.5659  0.7061  0.8503       1
    89 |       0  0.06997  0.1439  0.2294  0.3228  0.4301  0.5527  0.6962   0.845       1
   111 |       0  0.06997  0.1439  0.2294  0.3228  0.4301  0.5527  0.6962   0.845       1
   133 |       0  0.0747  0.1528  0.2419  0.3372  0.4449  0.5659  0.7061  0.8503       1
   156 |       0  0.08409  0.1707  0.2666  0.3659  0.4742  0.5923  0.7257  0.8609       1
   178 |       0  0.09623  0.1938  0.2987  0.4029   0.512  0.6263  0.7512  0.8745       1
   200 |       0    0.11    0.22   0.335   0.445   0.555   0.665    0.78    0.89       1
CPU time (clock)                =     0.001076 sec
wall clock time (omp_get_wtime) =        1.076 sec
wall clock time (gettimeofday)  =        1.076 sec
OpenMP-parallel with 3 threads

Heat Conduction 2d

dx =        0.005, dy =        0.005, dt =     6.25e-06, eps =        1e-08

start values
i  \  k=       0      22      44      67      89     111     133     156     178     200
-------+--------------------------------------------------------------------------------
     0 |       0    0.11    0.22   0.335   0.445   0.555   0.665    0.78    0.89       1
    22 |       0       0       0       0       0       0       0       0       0       1
    44 |       0       0       0       0       0       0       0       0       0       1
    67 |       0       0       0       0       0       0       0       0       0       1
    89 |       0       0       0       0       0       0       0       0       0       1
   111 |       0       0       0       0       0       0       0       0       0       1
   133 |       0       0       0       0       0       0       0       0       0       1
   156 |       0       0       0       0       0       0       0       0       0       1
   178 |       0       0       0       0       0       0       0       0       0       1
   200 |       0    0.11    0.22   0.335   0.445   0.555   0.665    0.78    0.89       1

phi after 15001 iterations
i  \  k=       0      22      44      67      89     111     133     156     178     200
-------+--------------------------------------------------------------------------------
     0 |       0    0.11    0.22   0.335   0.445   0.555   0.665    0.78    0.89       1
    22 |       0  0.09623  0.1938  0.2987  0.4029   0.512  0.6263  0.7512  0.8745       1
    44 |       0  0.08409  0.1707  0.2666  0.3659  0.4742  0.5923  0.7257  0.8609       1
    67 |       0  0.0747  0.1528  0.2419  0.3372  0.4449  0.5659  0.7061  0.8503       1
    89 |       0  0.06997  0.1439  0.2294  0.3228  0.4301  0.5527  0.6962   0.845       1
   111 |       0  0.06997  0.1439  0.2294  0.3228  0.4301  0.5527  0.6962   0.845       1
   133 |       0  0.0747  0.1528  0.2419  0.3372  0.4449  0.5659  0.7061  0.8503       1
   156 |       0  0.08409  0.1707  0.2666  0.3659  0.4742  0.5923  0.7257  0.8609       1
   178 |       0  0.09623  0.1938  0.2987  0.4029   0.512  0.6263  0.7512  0.8745       1
   200 |       0    0.11    0.22   0.335   0.445   0.555   0.665    0.78    0.89       1
CPU time (clock)                =     0.001128 sec
wall clock time (omp_get_wtime) =        1.127 sec
wall clock time (gettimeofday)  =        1.128 sec
OpenMP-parallel with 3 threads

Heat Conduction 2d

dx =        0.005, dy =        0.005, dt =     6.25e-06, eps =        1e-08

start values
i  \  k=       0      22      44      67      89     111     133     156     178     200
-------+--------------------------------------------------------------------------------
     0 |       0    0.11    0.22   0.335   0.445   0.555   0.665    0.78    0.89       1
    22 |       0       0       0       0       0       0       0       0       0       1
    44 |       0       0       0       0       0       0       0       0       0       1
    67 |       0       0       0       0       0       0       0       0       0       1
    89 |       0       0       0       0       0       0       0       0       0       1
   111 |       0       0       0       0       0       0       0       0       0       1
   133 |       0       0       0       0       0       0       0       0       0       1
   156 |       0       0       0       0       0       0       0       0       0       1
   178 |       0       0       0       0       0       0       0       0       0       1
   200 |       0    0.11    0.22   0.335   0.445   0.555   0.665    0.78    0.89       1

phi after 15001 iterations
i  \  k=       0      22      44      67      89     111     133     156     178     200
-------+--------------------------------------------------------------------------------
     0 |       0    0.11    0.22   0.335   0.445   0.555   0.665    0.78    0.89       1
    22 |       0  0.09623  0.1938  0.2987  0.4029   0.512  0.6263  0.7512  0.8745       1
    44 |       0  0.08409  0.1707  0.2666  0.3659  0.4742  0.5923  0.7257  0.8609       1
    67 |       0  0.0747  0.1528  0.2419  0.3372  0.4449  0.5659  0.7061  0.8503       1
    89 |       0  0.06997  0.1439  0.2294  0.3228  0.4301  0.5527  0.6962   0.845       1
   111 |       0  0.06997  0.1439  0.2294  0.3228  0.4301  0.5527  0.6962   0.845       1
   133 |       0  0.0747  0.1528  0.2419  0.3372  0.4449  0.5659  0.7061  0.8503       1
   156 |       0  0.08409  0.1707  0.2666  0.3659  0.4742  0.5923  0.7257  0.8609       1
   178 |       0  0.09623  0.1938  0.2987  0.4029   0.512  0.6263  0.7512  0.8745       1
   200 |       0    0.11    0.22   0.335   0.445   0.555   0.665    0.78    0.89       1
CPU time (clock)                =     0.001139 sec
wall clock time (omp_get_wtime) =        1.139 sec
wall clock time (gettimeofday)  =        1.139 sec
