OpenMP-parallel with 3 threads

Heat Conduction 2d

dx =        0.005, dy =        0.005, dt =     6.25e-06, eps =        1e-08

start values
i  \  k=       0      22      44      67      89     111     133     156     178     200
-------+--------------------------------------------------------------------------------
     0 |       0    0.11    0.22   0.335   0.445   0.555   0.665    0.78    0.89       1
    22 |       0       0       0       0       0       0       0       0       0       1
    44 |       0       0       0       0       0       0       0       0       0       1
    67 |       0       0       0       0       0       0       0       0       0       1
    89 |       0       0       0       0       0       0       0       0       0       1
   111 |       0       0       0       0       0       0       0       0       0       1
   133 |       0       0       0       0       0       0       0       0       0       1
   156 |       0       0       0       0       0       0       0       0       0       1
   178 |       0       0       0       0       0       0       0       0       0       1
   200 |       0    0.11    0.22   0.335   0.445   0.555   0.665    0.78    0.89       1

phi after 15001 iterations
i  \  k=       0      22      44      67      89     111     133     156     178     200
-------+--------------------------------------------------------------------------------
     0 |       0    0.11    0.22   0.335   0.445   0.555   0.665    0.78    0.89       1
    22 |       0  0.09623  0.1938  0.2987  0.4029   0.512  0.6263  0.7512  0.8745       1
    44 |       0  0.08409  0.1707  0.2666  0.3659  0.4742  0.5923  0.7257  0.8609       1
    67 |       0  0.0747  0.1528  0.2419  0.3372  0.4449  0.5659  0.7061  0.8503       1
    89 |       0  0.06997  0.1439  0.2294  0.3228  0.4301  0.5527  0.6962   0.845       1
   111 |       0  0.06997  0.1439  0.2294  0.3228  0.4301  0.5527  0.6962   0.845       1
   133 |       0  0.0747  0.1528  0.2419  0.3372  0.4449  0.5659  0.7061  0.8503       1
   156 |       0  0.08409  0.1707  0.2666  0.3659  0.4742  0.5923  0.7257  0.8609       1
   178 |       0  0.09623  0.1938  0.2987  0.4029   0.512  0.6263  0.7512  0.8745       1
   200 |       0    0.11    0.22   0.335   0.445   0.555   0.665    0.78    0.89       1
 CPU time (clock)                =     0.001653 sec
 wall clock time (omp_get_wtime) =        1.654 sec
 wall clock time (gettimeofday)  =        1.654 sec
OpenMP-parallel with 3 threads

Heat Conduction 2d

dx =        0.005, dy =        0.005, dt =     6.25e-06, eps =        1e-08

start values
i  \  k=       0      22      44      67      89     111     133     156     178     200
-------+--------------------------------------------------------------------------------
     0 |       0    0.11    0.22   0.335   0.445   0.555   0.665    0.78    0.89       1
    22 |       0       0       0       0       0       0       0       0       0       1
    44 |       0       0       0       0       0       0       0       0       0       1
    67 |       0       0       0       0       0       0       0       0       0       1
    89 |       0       0       0       0       0       0       0       0       0       1
   111 |       0       0       0       0       0       0       0       0       0       1
   133 |       0       0       0       0       0       0       0       0       0       1
   156 |       0       0       0       0       0       0       0       0       0       1
   178 |       0       0       0       0       0       0       0       0       0       1
   200 |       0    0.11    0.22   0.335   0.445   0.555   0.665    0.78    0.89       1

phi after 15001 iterations
i  \  k=       0      22      44      67      89     111     133     156     178     200
-------+--------------------------------------------------------------------------------
     0 |       0    0.11    0.22   0.335   0.445   0.555   0.665    0.78    0.89       1
    22 |       0  0.09623  0.1938  0.2987  0.4029   0.512  0.6263  0.7512  0.8745       1
    44 |       0  0.08409  0.1707  0.2666  0.3659  0.4742  0.5923  0.7257  0.8609       1
    67 |       0  0.0747  0.1528  0.2419  0.3372  0.4449  0.5659  0.7061  0.8503       1
    89 |       0  0.06997  0.1439  0.2294  0.3228  0.4301  0.5527  0.6962   0.845       1
   111 |       0  0.06997  0.1439  0.2294  0.3228  0.4301  0.5527  0.6962   0.845       1
   133 |       0  0.0747  0.1528  0.2419  0.3372  0.4449  0.5659  0.7061  0.8503       1
   156 |       0  0.08409  0.1707  0.2666  0.3659  0.4742  0.5923  0.7257  0.8609       1
   178 |       0  0.09623  0.1938  0.2987  0.4029   0.512  0.6263  0.7512  0.8745       1
   200 |       0    0.11    0.22   0.335   0.445   0.555   0.665    0.78    0.89       1
 CPU time (clock)                =     0.001339 sec
 wall clock time (omp_get_wtime) =        1.339 sec
 wall clock time (gettimeofday)  =        1.339 sec
OpenMP-parallel with 3 threads

Heat Conduction 2d

dx =        0.005, dy =        0.005, dt =     6.25e-06, eps =        1e-08

start values
i  \  k=       0      22      44      67      89     111     133     156     178     200
-------+--------------------------------------------------------------------------------
     0 |       0    0.11    0.22   0.335   0.445   0.555   0.665    0.78    0.89       1
    22 |       0       0       0       0       0       0       0       0       0       1
    44 |       0       0       0       0       0       0       0       0       0       1
    67 |       0       0       0       0       0       0       0       0       0       1
    89 |       0       0       0       0       0       0       0       0       0       1
   111 |       0       0       0       0       0       0       0       0       0       1
   133 |       0       0       0       0       0       0       0       0       0       1
   156 |       0       0       0       0       0       0       0       0       0       1
   178 |       0       0       0       0       0       0       0       0       0       1
   200 |       0    0.11    0.22   0.335   0.445   0.555   0.665    0.78    0.89       1

phi after 15001 iterations
i  \  k=       0      22      44      67      89     111     133     156     178     200
-------+--------------------------------------------------------------------------------
     0 |       0    0.11    0.22   0.335   0.445   0.555   0.665    0.78    0.89       1
    22 |       0  0.09623  0.1938  0.2987  0.4029   0.512  0.6263  0.7512  0.8745       1
    44 |       0  0.08409  0.1707  0.2666  0.3659  0.4742  0.5923  0.7257  0.8609       1
    67 |       0  0.0747  0.1528  0.2419  0.3372  0.4449  0.5659  0.7061  0.8503       1
    89 |       0  0.06997  0.1439  0.2294  0.3228  0.4301  0.5527  0.6962   0.845       1
   111 |       0  0.06997  0.1439  0.2294  0.3228  0.4301  0.5527  0.6962   0.845       1
   133 |       0  0.0747  0.1528  0.2419  0.3372  0.4449  0.5659  0.7061  0.8503       1
   156 |       0  0.08409  0.1707  0.2666  0.3659  0.4742  0.5923  0.7257  0.8609       1
   178 |       0  0.09623  0.1938  0.2987  0.4029   0.512  0.6263  0.7512  0.8745       1
   200 |       0    0.11    0.22   0.335   0.445   0.555   0.665    0.78    0.89       1
 CPU time (clock)                =     0.001252 sec
 wall clock time (omp_get_wtime) =        1.252 sec
 wall clock time (gettimeofday)  =        1.252 sec
OpenMP-parallel with 3 threads

Heat Conduction 2d

dx =        0.005, dy =        0.005, dt =     6.25e-06, eps =        1e-08

start values
i  \  k=       0      22      44      67      89     111     133     156     178     200
-------+--------------------------------------------------------------------------------
     0 |       0    0.11    0.22   0.335   0.445   0.555   0.665    0.78    0.89       1
    22 |       0       0       0       0       0       0       0       0       0       1
    44 |       0       0       0       0       0       0       0       0       0       1
    67 |       0       0       0       0       0       0       0       0       0       1
    89 |       0       0       0       0       0       0       0       0       0       1
   111 |       0       0       0       0       0       0       0       0       0       1
   133 |       0       0       0       0       0       0       0       0       0       1
   156 |       0       0       0       0       0       0       0       0       0       1
   178 |       0       0       0       0       0       0       0       0       0       1
   200 |       0    0.11    0.22   0.335   0.445   0.555   0.665    0.78    0.89       1

phi after 15001 iterations
i  \  k=       0      22      44      67      89     111     133     156     178     200
-------+--------------------------------------------------------------------------------
     0 |       0    0.11    0.22   0.335   0.445   0.555   0.665    0.78    0.89       1
    22 |       0  0.09623  0.1938  0.2987  0.4029   0.512  0.6263  0.7512  0.8745       1
    44 |       0  0.08409  0.1707  0.2666  0.3659  0.4742  0.5923  0.7257  0.8609       1
    67 |       0  0.0747  0.1528  0.2419  0.3372  0.4449  0.5659  0.7061  0.8503       1
    89 |       0  0.06997  0.1439  0.2294  0.3228  0.4301  0.5527  0.6962   0.845       1
   111 |       0  0.06997  0.1439  0.2294  0.3228  0.4301  0.5527  0.6962   0.845       1
   133 |       0  0.0747  0.1528  0.2419  0.3372  0.4449  0.5659  0.7061  0.8503       1
   156 |       0  0.08409  0.1707  0.2666  0.3659  0.4742  0.5923  0.7257  0.8609       1
   178 |       0  0.09623  0.1938  0.2987  0.4029   0.512  0.6263  0.7512  0.8745       1
   200 |       0    0.11    0.22   0.335   0.445   0.555   0.665    0.78    0.89       1
 CPU time (clock)                =     0.001261 sec
 wall clock time (omp_get_wtime) =        1.261 sec
 wall clock time (gettimeofday)  =         1.26 sec
OpenMP-parallel with 3 threads

Heat Conduction 2d

dx =        0.005, dy =        0.005, dt =     6.25e-06, eps =        1e-08

start values
i  \  k=       0      22      44      67      89     111     133     156     178     200
-------+--------------------------------------------------------------------------------
     0 |       0    0.11    0.22   0.335   0.445   0.555   0.665    0.78    0.89       1
    22 |       0       0       0       0       0       0       0       0       0       1
    44 |       0       0       0       0       0       0       0       0       0       1
    67 |       0       0       0       0       0       0       0       0       0       1
    89 |       0       0       0       0       0       0       0       0       0       1
   111 |       0       0       0       0       0       0       0       0       0       1
   133 |       0       0       0       0       0       0       0       0       0       1
   156 |       0       0       0       0       0       0       0       0       0       1
   178 |       0       0       0       0       0       0       0       0       0       1
   200 |       0    0.11    0.22   0.335   0.445   0.555   0.665    0.78    0.89       1

phi after 15001 iterations
i  \  k=       0      22      44      67      89     111     133     156     178     200
-------+--------------------------------------------------------------------------------
     0 |       0    0.11    0.22   0.335   0.445   0.555   0.665    0.78    0.89       1
    22 |       0  0.09623  0.1938  0.2987  0.4029   0.512  0.6263  0.7512  0.8745       1
    44 |       0  0.08409  0.1707  0.2666  0.3659  0.4742  0.5923  0.7257  0.8609       1
    67 |       0  0.0747  0.1528  0.2419  0.3372  0.4449  0.5659  0.7061  0.8503       1
    89 |       0  0.06997  0.1439  0.2294  0.3228  0.4301  0.5527  0.6962   0.845       1
   111 |       0  0.06997  0.1439  0.2294  0.3228  0.4301  0.5527  0.6962   0.845       1
   133 |       0  0.0747  0.1528  0.2419  0.3372  0.4449  0.5659  0.7061  0.8503       1
   156 |       0  0.08409  0.1707  0.2666  0.3659  0.4742  0.5923  0.7257  0.8609       1
   178 |       0  0.09623  0.1938  0.2987  0.4029   0.512  0.6263  0.7512  0.8745       1
   200 |       0    0.11    0.22   0.335   0.445   0.555   0.665    0.78    0.89       1
 CPU time (clock)                =     0.001253 sec
 wall clock time (omp_get_wtime) =        1.253 sec
 wall clock time (gettimeofday)  =        1.253 sec
OpenMP-parallel with 3 threads

Heat Conduction 2d

dx =        0.005, dy =        0.005, dt =     6.25e-06, eps =        1e-08

start values
i  \  k=       0      22      44      67      89     111     133     156     178     200
-------+--------------------------------------------------------------------------------
     0 |       0    0.11    0.22   0.335   0.445   0.555   0.665    0.78    0.89       1
    22 |       0       0       0       0       0       0       0       0       0       1
    44 |       0       0       0       0       0       0       0       0       0       1
    67 |       0       0       0       0       0       0       0       0       0       1
    89 |       0       0       0       0       0       0       0       0       0       1
   111 |       0       0       0       0       0       0       0       0       0       1
   133 |       0       0       0       0       0       0       0       0       0       1
   156 |       0       0       0       0       0       0       0       0       0       1
   178 |       0       0       0       0       0       0       0       0       0       1
   200 |       0    0.11    0.22   0.335   0.445   0.555   0.665    0.78    0.89       1

phi after 15001 iterations
i  \  k=       0      22      44      67      89     111     133     156     178     200
-------+--------------------------------------------------------------------------------
     0 |       0    0.11    0.22   0.335   0.445   0.555   0.665    0.78    0.89       1
    22 |       0  0.09623  0.1938  0.2987  0.4029   0.512  0.6263  0.7512  0.8745       1
    44 |       0  0.08409  0.1707  0.2666  0.3659  0.4742  0.5923  0.7257  0.8609       1
    67 |       0  0.0747  0.1528  0.2419  0.3372  0.4449  0.5659  0.7061  0.8503       1
    89 |       0  0.06997  0.1439  0.2294  0.3228  0.4301  0.5527  0.6962   0.845       1
   111 |       0  0.06997  0.1439  0.2294  0.3228  0.4301  0.5527  0.6962   0.845       1
   133 |       0  0.0747  0.1528  0.2419  0.3372  0.4449  0.5659  0.7061  0.8503       1
   156 |       0  0.08409  0.1707  0.2666  0.3659  0.4742  0.5923  0.7257  0.8609       1
   178 |       0  0.09623  0.1938  0.2987  0.4029   0.512  0.6263  0.7512  0.8745       1
   200 |       0    0.11    0.22   0.335   0.445   0.555   0.665    0.78    0.89       1
 CPU time (clock)                =     0.001274 sec
 wall clock time (omp_get_wtime) =        1.273 sec
 wall clock time (gettimeofday)  =        1.273 sec
OpenMP-parallel with 3 threads

Heat Conduction 2d

dx =        0.005, dy =        0.005, dt =     6.25e-06, eps =        1e-08

start values
i  \  k=       0      22      44      67      89     111     133     156     178     200
-------+--------------------------------------------------------------------------------
     0 |       0    0.11    0.22   0.335   0.445   0.555   0.665    0.78    0.89       1
    22 |       0       0       0       0       0       0       0       0       0       1
    44 |       0       0       0       0       0       0       0       0       0       1
    67 |       0       0       0       0       0       0       0       0       0       1
    89 |       0       0       0       0       0       0       0       0       0       1
   111 |       0       0       0       0       0       0       0       0       0       1
   133 |       0       0       0       0       0       0       0       0       0       1
   156 |       0       0       0       0       0       0       0       0       0       1
   178 |       0       0       0       0       0       0       0       0       0       1
   200 |       0    0.11    0.22   0.335   0.445   0.555   0.665    0.78    0.89       1

phi after 15001 iterations
i  \  k=       0      22      44      67      89     111     133     156     178     200
-------+--------------------------------------------------------------------------------
     0 |       0    0.11    0.22   0.335   0.445   0.555   0.665    0.78    0.89       1
    22 |       0  0.09623  0.1938  0.2987  0.4029   0.512  0.6263  0.7512  0.8745       1
    44 |       0  0.08409  0.1707  0.2666  0.3659  0.4742  0.5923  0.7257  0.8609       1
    67 |       0  0.0747  0.1528  0.2419  0.3372  0.4449  0.5659  0.7061  0.8503       1
    89 |       0  0.06997  0.1439  0.2294  0.3228  0.4301  0.5527  0.6962   0.845       1
   111 |       0  0.06997  0.1439  0.2294  0.3228  0.4301  0.5527  0.6962   0.845       1
   133 |       0  0.0747  0.1528  0.2419  0.3372  0.4449  0.5659  0.7061  0.8503       1
   156 |       0  0.08409  0.1707  0.2666  0.3659  0.4742  0.5923  0.7257  0.8609       1
   178 |       0  0.09623  0.1938  0.2987  0.4029   0.512  0.6263  0.7512  0.8745       1
   200 |       0    0.11    0.22   0.335   0.445   0.555   0.665    0.78    0.89       1
 CPU time (clock)                =     0.001279 sec
 wall clock time (omp_get_wtime) =        1.278 sec
 wall clock time (gettimeofday)  =        1.278 sec
OpenMP-parallel with 3 threads

Heat Conduction 2d

dx =        0.005, dy =        0.005, dt =     6.25e-06, eps =        1e-08

start values
i  \  k=       0      22      44      67      89     111     133     156     178     200
-------+--------------------------------------------------------------------------------
     0 |       0    0.11    0.22   0.335   0.445   0.555   0.665    0.78    0.89       1
    22 |       0       0       0       0       0       0       0       0       0       1
    44 |       0       0       0       0       0       0       0       0       0       1
    67 |       0       0       0       0       0       0       0       0       0       1
    89 |       0       0       0       0       0       0       0       0       0       1
   111 |       0       0       0       0       0       0       0       0       0       1
   133 |       0       0       0       0       0       0       0       0       0       1
   156 |       0       0       0       0       0       0       0       0       0       1
   178 |       0       0       0       0       0       0       0       0       0       1
   200 |       0    0.11    0.22   0.335   0.445   0.555   0.665    0.78    0.89       1

phi after 15001 iterations
i  \  k=       0      22      44      67      89     111     133     156     178     200
-------+--------------------------------------------------------------------------------
     0 |       0    0.11    0.22   0.335   0.445   0.555   0.665    0.78    0.89       1
    22 |       0  0.09623  0.1938  0.2987  0.4029   0.512  0.6263  0.7512  0.8745       1
    44 |       0  0.08409  0.1707  0.2666  0.3659  0.4742  0.5923  0.7257  0.8609       1
    67 |       0  0.0747  0.1528  0.2419  0.3372  0.4449  0.5659  0.7061  0.8503       1
    89 |       0  0.06997  0.1439  0.2294  0.3228  0.4301  0.5527  0.6962   0.845       1
   111 |       0  0.06997  0.1439  0.2294  0.3228  0.4301  0.5527  0.6962   0.845       1
   133 |       0  0.0747  0.1528  0.2419  0.3372  0.4449  0.5659  0.7061  0.8503       1
   156 |       0  0.08409  0.1707  0.2666  0.3659  0.4742  0.5923  0.7257  0.8609       1
   178 |       0  0.09623  0.1938  0.2987  0.4029   0.512  0.6263  0.7512  0.8745       1
   200 |       0    0.11    0.22   0.335   0.445   0.555   0.665    0.78    0.89       1
 CPU time (clock)                =     0.001378 sec
 wall clock time (omp_get_wtime) =        1.377 sec
 wall clock time (gettimeofday)  =        1.377 sec
OpenMP-parallel with 3 threads

Heat Conduction 2d

dx =        0.005, dy =        0.005, dt =     6.25e-06, eps =        1e-08

start values
i  \  k=       0      22      44      67      89     111     133     156     178     200
-------+--------------------------------------------------------------------------------
     0 |       0    0.11    0.22   0.335   0.445   0.555   0.665    0.78    0.89       1
    22 |       0       0       0       0       0       0       0       0       0       1
    44 |       0       0       0       0       0       0       0       0       0       1
    67 |       0       0       0       0       0       0       0       0       0       1
    89 |       0       0       0       0       0       0       0       0       0       1
   111 |       0       0       0       0       0       0       0       0       0       1
   133 |       0       0       0       0       0       0       0       0       0       1
   156 |       0       0       0       0       0       0       0       0       0       1
   178 |       0       0       0       0       0       0       0       0       0       1
   200 |       0    0.11    0.22   0.335   0.445   0.555   0.665    0.78    0.89       1

phi after 15001 iterations
i  \  k=       0      22      44      67      89     111     133     156     178     200
-------+--------------------------------------------------------------------------------
     0 |       0    0.11    0.22   0.335   0.445   0.555   0.665    0.78    0.89       1
    22 |       0  0.09623  0.1938  0.2987  0.4029   0.512  0.6263  0.7512  0.8745       1
    44 |       0  0.08409  0.1707  0.2666  0.3659  0.4742  0.5923  0.7257  0.8609       1
    67 |       0  0.0747  0.1528  0.2419  0.3372  0.4449  0.5659  0.7061  0.8503       1
    89 |       0  0.06997  0.1439  0.2294  0.3228  0.4301  0.5527  0.6962   0.845       1
   111 |       0  0.06997  0.1439  0.2294  0.3228  0.4301  0.5527  0.6962   0.845       1
   133 |       0  0.0747  0.1528  0.2419  0.3372  0.4449  0.5659  0.7061  0.8503       1
   156 |       0  0.08409  0.1707  0.2666  0.3659  0.4742  0.5923  0.7257  0.8609       1
   178 |       0  0.09623  0.1938  0.2987  0.4029   0.512  0.6263  0.7512  0.8745       1
   200 |       0    0.11    0.22   0.335   0.445   0.555   0.665    0.78    0.89       1
 CPU time (clock)                =     0.001538 sec
 wall clock time (omp_get_wtime) =        1.537 sec
 wall clock time (gettimeofday)  =        1.537 sec
OpenMP-parallel with 3 threads

Heat Conduction 2d

dx =        0.005, dy =        0.005, dt =     6.25e-06, eps =        1e-08

start values
i  \  k=       0      22      44      67      89     111     133     156     178     200
-------+--------------------------------------------------------------------------------
     0 |       0    0.11    0.22   0.335   0.445   0.555   0.665    0.78    0.89       1
    22 |       0       0       0       0       0       0       0       0       0       1
    44 |       0       0       0       0       0       0       0       0       0       1
    67 |       0       0       0       0       0       0       0       0       0       1
    89 |       0       0       0       0       0       0       0       0       0       1
   111 |       0       0       0       0       0       0       0       0       0       1
   133 |       0       0       0       0       0       0       0       0       0       1
   156 |       0       0       0       0       0       0       0       0       0       1
   178 |       0       0       0       0       0       0       0       0       0       1
   200 |       0    0.11    0.22   0.335   0.445   0.555   0.665    0.78    0.89       1

phi after 15001 iterations
i  \  k=       0      22      44      67      89     111     133     156     178     200
-------+--------------------------------------------------------------------------------
     0 |       0    0.11    0.22   0.335   0.445   0.555   0.665    0.78    0.89       1
    22 |       0  0.09623  0.1938  0.2987  0.4029   0.512  0.6263  0.7512  0.8745       1
    44 |       0  0.08409  0.1707  0.2666  0.3659  0.4742  0.5923  0.7257  0.8609       1
    67 |       0  0.0747  0.1528  0.2419  0.3372  0.4449  0.5659  0.7061  0.8503       1
    89 |       0  0.06997  0.1439  0.2294  0.3228  0.4301  0.5527  0.6962   0.845       1
   111 |       0  0.06997  0.1439  0.2294  0.3228  0.4301  0.5527  0.6962   0.845       1
   133 |       0  0.0747  0.1528  0.2419  0.3372  0.4449  0.5659  0.7061  0.8503       1
   156 |       0  0.08409  0.1707  0.2666  0.3659  0.4742  0.5923  0.7257  0.8609       1
   178 |       0  0.09623  0.1938  0.2987  0.4029   0.512  0.6263  0.7512  0.8745       1
   200 |       0    0.11    0.22   0.335   0.445   0.555   0.665    0.78    0.89       1
 CPU time (clock)                =     0.001354 sec
 wall clock time (omp_get_wtime) =        1.354 sec
 wall clock time (gettimeofday)  =        1.354 sec
OpenMP-parallel with 3 threads

Heat Conduction 2d

dx =        0.005, dy =        0.005, dt =     6.25e-06, eps =        1e-08

start values
i  \  k=       0      22      44      67      89     111     133     156     178     200
-------+--------------------------------------------------------------------------------
     0 |       0    0.11    0.22   0.335   0.445   0.555   0.665    0.78    0.89       1
    22 |       0       0       0       0       0       0       0       0       0       1
    44 |       0       0       0       0       0       0       0       0       0       1
    67 |       0       0       0       0       0       0       0       0       0       1
    89 |       0       0       0       0       0       0       0       0       0       1
   111 |       0       0       0       0       0       0       0       0       0       1
   133 |       0       0       0       0       0       0       0       0       0       1
   156 |       0       0       0       0       0       0       0       0       0       1
   178 |       0       0       0       0       0       0       0       0       0       1
   200 |       0    0.11    0.22   0.335   0.445   0.555   0.665    0.78    0.89       1

phi after 15001 iterations
i  \  k=       0      22      44      67      89     111     133     156     178     200
-------+--------------------------------------------------------------------------------
     0 |       0    0.11    0.22   0.335   0.445   0.555   0.665    0.78    0.89       1
    22 |       0  0.09623  0.1938  0.2987  0.4029   0.512  0.6263  0.7512  0.8745       1
    44 |       0  0.08409  0.1707  0.2666  0.3659  0.4742  0.5923  0.7257  0.8609       1
    67 |       0  0.0747  0.1528  0.2419  0.3372  0.4449  0.5659  0.7061  0.8503       1
    89 |       0  0.06997  0.1439  0.2294  0.3228  0.4301  0.5527  0.6962   0.845       1
   111 |       0  0.06997  0.1439  0.2294  0.3228  0.4301  0.5527  0.6962   0.845       1
   133 |       0  0.0747  0.1528  0.2419  0.3372  0.4449  0.5659  0.7061  0.8503       1
   156 |       0  0.08409  0.1707  0.2666  0.3659  0.4742  0.5923  0.7257  0.8609       1
   178 |       0  0.09623  0.1938  0.2987  0.4029   0.512  0.6263  0.7512  0.8745       1
   200 |       0    0.11    0.22   0.335   0.445   0.555   0.665    0.78    0.89       1
 CPU time (clock)                =     0.001323 sec
 wall clock time (omp_get_wtime) =        1.324 sec
 wall clock time (gettimeofday)  =        1.324 sec
OpenMP-parallel with 3 threads

Heat Conduction 2d

dx =        0.005, dy =        0.005, dt =     6.25e-06, eps =        1e-08

start values
i  \  k=       0      22      44      67      89     111     133     156     178     200
-------+--------------------------------------------------------------------------------
     0 |       0    0.11    0.22   0.335   0.445   0.555   0.665    0.78    0.89       1
    22 |       0       0       0       0       0       0       0       0       0       1
    44 |       0       0       0       0       0       0       0       0       0       1
    67 |       0       0       0       0       0       0       0       0       0       1
    89 |       0       0       0       0       0       0       0       0       0       1
   111 |       0       0       0       0       0       0       0       0       0       1
   133 |       0       0       0       0       0       0       0       0       0       1
   156 |       0       0       0       0       0       0       0       0       0       1
   178 |       0       0       0       0       0       0       0       0       0       1
   200 |       0    0.11    0.22   0.335   0.445   0.555   0.665    0.78    0.89       1

phi after 15001 iterations
i  \  k=       0      22      44      67      89     111     133     156     178     200
-------+--------------------------------------------------------------------------------
     0 |       0    0.11    0.22   0.335   0.445   0.555   0.665    0.78    0.89       1
    22 |       0  0.09623  0.1938  0.2987  0.4029   0.512  0.6263  0.7512  0.8745       1
    44 |       0  0.08409  0.1707  0.2666  0.3659  0.4742  0.5923  0.7257  0.8609       1
    67 |       0  0.0747  0.1528  0.2419  0.3372  0.4449  0.5659  0.7061  0.8503       1
    89 |       0  0.06997  0.1439  0.2294  0.3228  0.4301  0.5527  0.6962   0.845       1
   111 |       0  0.06997  0.1439  0.2294  0.3228  0.4301  0.5527  0.6962   0.845       1
   133 |       0  0.0747  0.1528  0.2419  0.3372  0.4449  0.5659  0.7061  0.8503       1
   156 |       0  0.08409  0.1707  0.2666  0.3659  0.4742  0.5923  0.7257  0.8609       1
   178 |       0  0.09623  0.1938  0.2987  0.4029   0.512  0.6263  0.7512  0.8745       1
   200 |       0    0.11    0.22   0.335   0.445   0.555   0.665    0.78    0.89       1
 CPU time (clock)                =     0.001239 sec
 wall clock time (omp_get_wtime) =        1.239 sec
 wall clock time (gettimeofday)  =         1.24 sec
OpenMP-parallel with 3 threads

Heat Conduction 2d

dx =        0.005, dy =        0.005, dt =     6.25e-06, eps =        1e-08

start values
i  \  k=       0      22      44      67      89     111     133     156     178     200
-------+--------------------------------------------------------------------------------
     0 |       0    0.11    0.22   0.335   0.445   0.555   0.665    0.78    0.89       1
    22 |       0       0       0       0       0       0       0       0       0       1
    44 |       0       0       0       0       0       0       0       0       0       1
    67 |       0       0       0       0       0       0       0       0       0       1
    89 |       0       0       0       0       0       0       0       0       0       1
   111 |       0       0       0       0       0       0       0       0       0       1
   133 |       0       0       0       0       0       0       0       0       0       1
   156 |       0       0       0       0       0       0       0       0       0       1
   178 |       0       0       0       0       0       0       0       0       0       1
   200 |       0    0.11    0.22   0.335   0.445   0.555   0.665    0.78    0.89       1

phi after 15001 iterations
i  \  k=       0      22      44      67      89     111     133     156     178     200
-------+--------------------------------------------------------------------------------
     0 |       0    0.11    0.22   0.335   0.445   0.555   0.665    0.78    0.89       1
    22 |       0  0.09623  0.1938  0.2987  0.4029   0.512  0.6263  0.7512  0.8745       1
    44 |       0  0.08409  0.1707  0.2666  0.3659  0.4742  0.5923  0.7257  0.8609       1
    67 |       0  0.0747  0.1528  0.2419  0.3372  0.4449  0.5659  0.7061  0.8503       1
    89 |       0  0.06997  0.1439  0.2294  0.3228  0.4301  0.5527  0.6962   0.845       1
   111 |       0  0.06997  0.1439  0.2294  0.3228  0.4301  0.5527  0.6962   0.845       1
   133 |       0  0.0747  0.1528  0.2419  0.3372  0.4449  0.5659  0.7061  0.8503       1
   156 |       0  0.08409  0.1707  0.2666  0.3659  0.4742  0.5923  0.7257  0.8609       1
   178 |       0  0.09623  0.1938  0.2987  0.4029   0.512  0.6263  0.7512  0.8745       1
   200 |       0    0.11    0.22   0.335   0.445   0.555   0.665    0.78    0.89       1
 CPU time (clock)                =     0.001247 sec
 wall clock time (omp_get_wtime) =        1.247 sec
 wall clock time (gettimeofday)  =        1.247 sec
OpenMP-parallel with 3 threads

Heat Conduction 2d

dx =        0.005, dy =        0.005, dt =     6.25e-06, eps =        1e-08

start values
i  \  k=       0      22      44      67      89     111     133     156     178     200
-------+--------------------------------------------------------------------------------
     0 |       0    0.11    0.22   0.335   0.445   0.555   0.665    0.78    0.89       1
    22 |       0       0       0       0       0       0       0       0       0       1
    44 |       0       0       0       0       0       0       0       0       0       1
    67 |       0       0       0       0       0       0       0       0       0       1
    89 |       0       0       0       0       0       0       0       0       0       1
   111 |       0       0       0       0       0       0       0       0       0       1
   133 |       0       0       0       0       0       0       0       0       0       1
   156 |       0       0       0       0       0       0       0       0       0       1
   178 |       0       0       0       0       0       0       0       0       0       1
   200 |       0    0.11    0.22   0.335   0.445   0.555   0.665    0.78    0.89       1

phi after 15001 iterations
i  \  k=       0      22      44      67      89     111     133     156     178     200
-------+--------------------------------------------------------------------------------
     0 |       0    0.11    0.22   0.335   0.445   0.555   0.665    0.78    0.89       1
    22 |       0  0.09623  0.1938  0.2987  0.4029   0.512  0.6263  0.7512  0.8745       1
    44 |       0  0.08409  0.1707  0.2666  0.3659  0.4742  0.5923  0.7257  0.8609       1
    67 |       0  0.0747  0.1528  0.2419  0.3372  0.4449  0.5659  0.7061  0.8503       1
    89 |       0  0.06997  0.1439  0.2294  0.3228  0.4301  0.5527  0.6962   0.845       1
   111 |       0  0.06997  0.1439  0.2294  0.3228  0.4301  0.5527  0.6962   0.845       1
   133 |       0  0.0747  0.1528  0.2419  0.3372  0.4449  0.5659  0.7061  0.8503       1
   156 |       0  0.08409  0.1707  0.2666  0.3659  0.4742  0.5923  0.7257  0.8609       1
   178 |       0  0.09623  0.1938  0.2987  0.4029   0.512  0.6263  0.7512  0.8745       1
   200 |       0    0.11    0.22   0.335   0.445   0.555   0.665    0.78    0.89       1
 CPU time (clock)                =     0.001234 sec
 wall clock time (omp_get_wtime) =        1.234 sec
 wall clock time (gettimeofday)  =        1.234 sec
OpenMP-parallel with 3 threads

Heat Conduction 2d

dx =        0.005, dy =        0.005, dt =     6.25e-06, eps =        1e-08

start values
i  \  k=       0      22      44      67      89     111     133     156     178     200
-------+--------------------------------------------------------------------------------
     0 |       0    0.11    0.22   0.335   0.445   0.555   0.665    0.78    0.89       1
    22 |       0       0       0       0       0       0       0       0       0       1
    44 |       0       0       0       0       0       0       0       0       0       1
    67 |       0       0       0       0       0       0       0       0       0       1
    89 |       0       0       0       0       0       0       0       0       0       1
   111 |       0       0       0       0       0       0       0       0       0       1
   133 |       0       0       0       0       0       0       0       0       0       1
   156 |       0       0       0       0       0       0       0       0       0       1
   178 |       0       0       0       0       0       0       0       0       0       1
   200 |       0    0.11    0.22   0.335   0.445   0.555   0.665    0.78    0.89       1

phi after 15001 iterations
i  \  k=       0      22      44      67      89     111     133     156     178     200
-------+--------------------------------------------------------------------------------
     0 |       0    0.11    0.22   0.335   0.445   0.555   0.665    0.78    0.89       1
    22 |       0  0.09623  0.1938  0.2987  0.4029   0.512  0.6263  0.7512  0.8745       1
    44 |       0  0.08409  0.1707  0.2666  0.3659  0.4742  0.5923  0.7257  0.8609       1
    67 |       0  0.0747  0.1528  0.2419  0.3372  0.4449  0.5659  0.7061  0.8503       1
    89 |       0  0.06997  0.1439  0.2294  0.3228  0.4301  0.5527  0.6962   0.845       1
   111 |       0  0.06997  0.1439  0.2294  0.3228  0.4301  0.5527  0.6962   0.845       1
   133 |       0  0.0747  0.1528  0.2419  0.3372  0.4449  0.5659  0.7061  0.8503       1
   156 |       0  0.08409  0.1707  0.2666  0.3659  0.4742  0.5923  0.7257  0.8609       1
   178 |       0  0.09623  0.1938  0.2987  0.4029   0.512  0.6263  0.7512  0.8745       1
   200 |       0    0.11    0.22   0.335   0.445   0.555   0.665    0.78    0.89       1
 CPU time (clock)                =     0.001227 sec
 wall clock time (omp_get_wtime) =        1.228 sec
 wall clock time (gettimeofday)  =        1.228 sec
OpenMP-parallel with 3 threads

Heat Conduction 2d

dx =        0.005, dy =        0.005, dt =     6.25e-06, eps =        1e-08

start values
i  \  k=       0      22      44      67      89     111     133     156     178     200
-------+--------------------------------------------------------------------------------
     0 |       0    0.11    0.22   0.335   0.445   0.555   0.665    0.78    0.89       1
    22 |       0       0       0       0       0       0       0       0       0       1
    44 |       0       0       0       0       0       0       0       0       0       1
    67 |       0       0       0       0       0       0       0       0       0       1
    89 |       0       0       0       0       0       0       0       0       0       1
   111 |       0       0       0       0       0       0       0       0       0       1
   133 |       0       0       0       0       0       0       0       0       0       1
   156 |       0       0       0       0       0       0       0       0       0       1
   178 |       0       0       0       0       0       0       0       0       0       1
   200 |       0    0.11    0.22   0.335   0.445   0.555   0.665    0.78    0.89       1

phi after 15001 iterations
i  \  k=       0      22      44      67      89     111     133     156     178     200
-------+--------------------------------------------------------------------------------
     0 |       0    0.11    0.22   0.335   0.445   0.555   0.665    0.78    0.89       1
    22 |       0  0.09623  0.1938  0.2987  0.4029   0.512  0.6263  0.7512  0.8745       1
    44 |       0  0.08409  0.1707  0.2666  0.3659  0.4742  0.5923  0.7257  0.8609       1
    67 |       0  0.0747  0.1528  0.2419  0.3372  0.4449  0.5659  0.7061  0.8503       1
    89 |       0  0.06997  0.1439  0.2294  0.3228  0.4301  0.5527  0.6962   0.845       1
   111 |       0  0.06997  0.1439  0.2294  0.3228  0.4301  0.5527  0.6962   0.845       1
   133 |       0  0.0747  0.1528  0.2419  0.3372  0.4449  0.5659  0.7061  0.8503       1
   156 |       0  0.08409  0.1707  0.2666  0.3659  0.4742  0.5923  0.7257  0.8609       1
   178 |       0  0.09623  0.1938  0.2987  0.4029   0.512  0.6263  0.7512  0.8745       1
   200 |       0    0.11    0.22   0.335   0.445   0.555   0.665    0.78    0.89       1
 CPU time (clock)                =     0.001262 sec
 wall clock time (omp_get_wtime) =        1.263 sec
 wall clock time (gettimeofday)  =        1.263 sec
OpenMP-parallel with 3 threads

Heat Conduction 2d

dx =        0.005, dy =        0.005, dt =     6.25e-06, eps =        1e-08

start values
i  \  k=       0      22      44      67      89     111     133     156     178     200
-------+--------------------------------------------------------------------------------
     0 |       0    0.11    0.22   0.335   0.445   0.555   0.665    0.78    0.89       1
    22 |       0       0       0       0       0       0       0       0       0       1
    44 |       0       0       0       0       0       0       0       0       0       1
    67 |       0       0       0       0       0       0       0       0       0       1
    89 |       0       0       0       0       0       0       0       0       0       1
   111 |       0       0       0       0       0       0       0       0       0       1
   133 |       0       0       0       0       0       0       0       0       0       1
   156 |       0       0       0       0       0       0       0       0       0       1
   178 |       0       0       0       0       0       0       0       0       0       1
   200 |       0    0.11    0.22   0.335   0.445   0.555   0.665    0.78    0.89       1

phi after 15001 iterations
i  \  k=       0      22      44      67      89     111     133     156     178     200
-------+--------------------------------------------------------------------------------
     0 |       0    0.11    0.22   0.335   0.445   0.555   0.665    0.78    0.89       1
    22 |       0  0.09623  0.1938  0.2987  0.4029   0.512  0.6263  0.7512  0.8745       1
    44 |       0  0.08409  0.1707  0.2666  0.3659  0.4742  0.5923  0.7257  0.8609       1
    67 |       0  0.0747  0.1528  0.2419  0.3372  0.4449  0.5659  0.7061  0.8503       1
    89 |       0  0.06997  0.1439  0.2294  0.3228  0.4301  0.5527  0.6962   0.845       1
   111 |       0  0.06997  0.1439  0.2294  0.3228  0.4301  0.5527  0.6962   0.845       1
   133 |       0  0.0747  0.1528  0.2419  0.3372  0.4449  0.5659  0.7061  0.8503       1
   156 |       0  0.08409  0.1707  0.2666  0.3659  0.4742  0.5923  0.7257  0.8609       1
   178 |       0  0.09623  0.1938  0.2987  0.4029   0.512  0.6263  0.7512  0.8745       1
   200 |       0    0.11    0.22   0.335   0.445   0.555   0.665    0.78    0.89       1
 CPU time (clock)                =     0.001248 sec
 wall clock time (omp_get_wtime) =        1.247 sec
 wall clock time (gettimeofday)  =        1.247 sec
OpenMP-parallel with 3 threads

Heat Conduction 2d

dx =        0.005, dy =        0.005, dt =     6.25e-06, eps =        1e-08

start values
i  \  k=       0      22      44      67      89     111     133     156     178     200
-------+--------------------------------------------------------------------------------
     0 |       0    0.11    0.22   0.335   0.445   0.555   0.665    0.78    0.89       1
    22 |       0       0       0       0       0       0       0       0       0       1
    44 |       0       0       0       0       0       0       0       0       0       1
    67 |       0       0       0       0       0       0       0       0       0       1
    89 |       0       0       0       0       0       0       0       0       0       1
   111 |       0       0       0       0       0       0       0       0       0       1
   133 |       0       0       0       0       0       0       0       0       0       1
   156 |       0       0       0       0       0       0       0       0       0       1
   178 |       0       0       0       0       0       0       0       0       0       1
   200 |       0    0.11    0.22   0.335   0.445   0.555   0.665    0.78    0.89       1

phi after 15001 iterations
i  \  k=       0      22      44      67      89     111     133     156     178     200
-------+--------------------------------------------------------------------------------
     0 |       0    0.11    0.22   0.335   0.445   0.555   0.665    0.78    0.89       1
    22 |       0  0.09623  0.1938  0.2987  0.4029   0.512  0.6263  0.7512  0.8745       1
    44 |       0  0.08409  0.1707  0.2666  0.3659  0.4742  0.5923  0.7257  0.8609       1
    67 |       0  0.0747  0.1528  0.2419  0.3372  0.4449  0.5659  0.7061  0.8503       1
    89 |       0  0.06997  0.1439  0.2294  0.3228  0.4301  0.5527  0.6962   0.845       1
   111 |       0  0.06997  0.1439  0.2294  0.3228  0.4301  0.5527  0.6962   0.845       1
   133 |       0  0.0747  0.1528  0.2419  0.3372  0.4449  0.5659  0.7061  0.8503       1
   156 |       0  0.08409  0.1707  0.2666  0.3659  0.4742  0.5923  0.7257  0.8609       1
   178 |       0  0.09623  0.1938  0.2987  0.4029   0.512  0.6263  0.7512  0.8745       1
   200 |       0    0.11    0.22   0.335   0.445   0.555   0.665    0.78    0.89       1
 CPU time (clock)                =      0.00157 sec
 wall clock time (omp_get_wtime) =        1.569 sec
 wall clock time (gettimeofday)  =        1.569 sec
OpenMP-parallel with 3 threads

Heat Conduction 2d

dx =        0.005, dy =        0.005, dt =     6.25e-06, eps =        1e-08

start values
i  \  k=       0      22      44      67      89     111     133     156     178     200
-------+--------------------------------------------------------------------------------
     0 |       0    0.11    0.22   0.335   0.445   0.555   0.665    0.78    0.89       1
    22 |       0       0       0       0       0       0       0       0       0       1
    44 |       0       0       0       0       0       0       0       0       0       1
    67 |       0       0       0       0       0       0       0       0       0       1
    89 |       0       0       0       0       0       0       0       0       0       1
   111 |       0       0       0       0       0       0       0       0       0       1
   133 |       0       0       0       0       0       0       0       0       0       1
   156 |       0       0       0       0       0       0       0       0       0       1
   178 |       0       0       0       0       0       0       0       0       0       1
   200 |       0    0.11    0.22   0.335   0.445   0.555   0.665    0.78    0.89       1

phi after 15001 iterations
i  \  k=       0      22      44      67      89     111     133     156     178     200
-------+--------------------------------------------------------------------------------
     0 |       0    0.11    0.22   0.335   0.445   0.555   0.665    0.78    0.89       1
    22 |       0  0.09623  0.1938  0.2987  0.4029   0.512  0.6263  0.7512  0.8745       1
    44 |       0  0.08409  0.1707  0.2666  0.3659  0.4742  0.5923  0.7257  0.8609       1
    67 |       0  0.0747  0.1528  0.2419  0.3372  0.4449  0.5659  0.7061  0.8503       1
    89 |       0  0.06997  0.1439  0.2294  0.3228  0.4301  0.5527  0.6962   0.845       1
   111 |       0  0.06997  0.1439  0.2294  0.3228  0.4301  0.5527  0.6962   0.845       1
   133 |       0  0.0747  0.1528  0.2419  0.3372  0.4449  0.5659  0.7061  0.8503       1
   156 |       0  0.08409  0.1707  0.2666  0.3659  0.4742  0.5923  0.7257  0.8609       1
   178 |       0  0.09623  0.1938  0.2987  0.4029   0.512  0.6263  0.7512  0.8745       1
   200 |       0    0.11    0.22   0.335   0.445   0.555   0.665    0.78    0.89       1
 CPU time (clock)                =     0.001228 sec
 wall clock time (omp_get_wtime) =        1.229 sec
 wall clock time (gettimeofday)  =        1.229 sec
OpenMP-parallel with 3 threads

Heat Conduction 2d

dx =        0.005, dy =        0.005, dt =     6.25e-06, eps =        1e-08

start values
i  \  k=       0      22      44      67      89     111     133     156     178     200
-------+--------------------------------------------------------------------------------
     0 |       0    0.11    0.22   0.335   0.445   0.555   0.665    0.78    0.89       1
    22 |       0       0       0       0       0       0       0       0       0       1
    44 |       0       0       0       0       0       0       0       0       0       1
    67 |       0       0       0       0       0       0       0       0       0       1
    89 |       0       0       0       0       0       0       0       0       0       1
   111 |       0       0       0       0       0       0       0       0       0       1
   133 |       0       0       0       0       0       0       0       0       0       1
   156 |       0       0       0       0       0       0       0       0       0       1
   178 |       0       0       0       0       0       0       0       0       0       1
   200 |       0    0.11    0.22   0.335   0.445   0.555   0.665    0.78    0.89       1

phi after 15001 iterations
i  \  k=       0      22      44      67      89     111     133     156     178     200
-------+--------------------------------------------------------------------------------
     0 |       0    0.11    0.22   0.335   0.445   0.555   0.665    0.78    0.89       1
    22 |       0  0.09623  0.1938  0.2987  0.4029   0.512  0.6263  0.7512  0.8745       1
    44 |       0  0.08409  0.1707  0.2666  0.3659  0.4742  0.5923  0.7257  0.8609       1
    67 |       0  0.0747  0.1528  0.2419  0.3372  0.4449  0.5659  0.7061  0.8503       1
    89 |       0  0.06997  0.1439  0.2294  0.3228  0.4301  0.5527  0.6962   0.845       1
   111 |       0  0.06997  0.1439  0.2294  0.3228  0.4301  0.5527  0.6962   0.845       1
   133 |       0  0.0747  0.1528  0.2419  0.3372  0.4449  0.5659  0.7061  0.8503       1
   156 |       0  0.08409  0.1707  0.2666  0.3659  0.4742  0.5923  0.7257  0.8609       1
   178 |       0  0.09623  0.1938  0.2987  0.4029   0.512  0.6263  0.7512  0.8745       1
   200 |       0    0.11    0.22   0.335   0.445   0.555   0.665    0.78    0.89       1
 CPU time (clock)                =     0.001233 sec
 wall clock time (omp_get_wtime) =        1.232 sec
 wall clock time (gettimeofday)  =        1.233 sec
